INPGRID BOTTOM REGULAR -78.456705 -9.501024 0.00 18 24 0.005045 0.004918 &
READINP BOTTOM +1 '../01_geometry/CASMA_PORT_20241201_20241231_BOTTOM.txt' 3 3 FORMAT '((19f8.2))'

   74.82   71.52   68.56   64.92   61.65   57.21   54.60   51.12   46.14   38.12   31.50   20.97   -9.75  -69.47 -167.18 -274.92 -338.84 -228.80 -120.52
   72.89   70.26   66.63   62.77   57.88   52.51   51.04   49.31   41.19   32.34   30.00   11.93  -18.70  -69.84 -164.34 -282.29 -314.02 -164.83  -63.79
   71.71   69.08   65.45   61.29   55.72   50.24   50.10   48.03   36.62   30.33   30.00    3.74  -27.73  -57.96 -111.50 -206.99 -181.81  -89.04  -30.07
   70.53   67.90   64.27   60.11   55.12   50.22   50.15   47.42   34.29   29.83   30.00   -1.34  -50.84  -74.52  -67.91  -76.56  -48.11  -22.78   -8.88
   70.22   66.72   63.09   59.44   54.35   50.17   50.00   46.37   34.23   29.23   24.16   -3.35  -39.29  -87.50  -81.17  -45.20   -8.50   -5.20   -5.02
   70.13   65.58   60.55   55.43   51.52   50.05   49.41   42.45   32.50   26.78    1.06  -17.15  -43.16  -84.84 -134.97  -61.85   -7.26   -5.63   -6.16
   69.96   65.16   59.00   52.54   50.00   50.00   48.60   36.97   30.00   21.33    1.04  -47.58  -64.69 -106.40 -143.57  -79.74   -6.89   -6.30   -7.00
   69.27   64.96   58.13   51.91   50.00   50.00   45.43   34.73   28.81   18.51    1.03  -23.83  -60.08 -122.87  -92.27  -45.21   -4.97   -5.95   -7.35
   68.34   66.65   57.91   51.58   50.00   50.00   38.90   32.48   27.29   18.29    1.73  -17.77  -41.92  -99.12  -63.09   -8.80   -4.96   -6.31   -7.68
   68.00   67.10   56.39   50.17   50.00   50.00   30.88   30.23   28.13   22.53   11.68   -3.81  -20.43  -42.94  -30.90   -4.28   -5.26   -6.47   -9.48
   67.90   66.72   55.46   50.00   50.00   50.00   29.15   30.00   29.39   27.32   23.83    9.94   -0.58   -7.19  -10.35   -4.05   -5.57   -7.00   -8.33
   65.74   61.72   54.65   50.00   50.00   50.00   29.15   30.00   28.43   24.36   19.81   13.28    8.42    3.63   -0.85   -4.09   -6.09   -7.11   -7.92
   63.47   58.76   53.55   50.00   50.00   50.00   29.15   30.00   25.43   17.01   11.81    9.87   10.20    9.21    5.38   -4.87   -5.94   -7.69   -8.40
   61.77   56.99   52.34   50.00   50.00   50.00   29.15   29.78   20.06    6.28   -2.38   -0.69    4.94    8.87    6.45   -6.03   -6.97   -8.57   -7.97
   60.63   56.59   52.06   50.00   50.00   47.05   29.15   27.92   14.27   -7.75  -44.60  -14.67   -5.12    0.81   -3.20   -6.13   -8.41   -9.31   -8.73
   59.48   54.77   51.40   50.00   49.30   34.38   29.67   21.66   -3.16  -23.69  -59.73  -85.05  -10.66   -5.45   -7.61   -6.97   -7.32   -8.06   -8.69
   57.94   52.40   50.59   49.78   46.13   32.32   22.03    9.66  -16.93  -76.39  -70.98  -21.38   -4.14   -5.35   -5.84   -7.13   -7.52   -8.93   -9.05
   55.51   50.00   50.00   46.92   37.74   29.05   -4.23  -23.10  -46.87 -125.09  -81.53   -5.61   -2.93   -3.75   -5.11   -7.95   -7.44   -8.51  -10.79
   55.49   50.00   50.16   43.70   30.89   16.18  -24.26  -47.70  -93.63 -103.20  -23.11   -3.31   -4.29   -4.32   -5.34   -6.94   -6.26   -7.71  -13.62
   55.55   50.00   50.31   43.68   29.66    3.69  -37.50  -87.35 -129.54  -68.47   -4.74   -5.32   -5.37   -4.20   -5.46   -6.05   -7.13   -7.67  -20.46
   56.50   50.00   50.31   43.68   29.66    2.58  -73.10 -173.55 -170.01  -59.54   -4.93   -6.21   -6.10   -4.32   -5.68   -6.83   -6.27   -7.50  -14.56
   55.61   49.96   49.90   42.53   29.28    1.51  -49.23 -118.33 -150.76  -60.18   -6.02   -4.12   -4.95   -4.97   -5.94   -6.00   -6.63   -8.67   -9.87
   53.85   48.31   46.65   37.92   23.74  -41.46  -35.39  -81.87 -120.52  -47.12   -5.28   -2.66   -4.19   -4.59   -8.24   -6.55   -9.55  -14.15  -15.18
   50.58   44.97   39.41   28.31   10.85  -41.76  -56.20  -72.91  -80.04  -33.21   -8.06   -4.04   -4.27   -5.03   -8.09  -10.27  -15.74  -19.63  -19.01
   49.26   42.83   30.95   13.58  -10.98  -29.21  -60.04  -85.28 -110.92  -59.88  -15.75   -4.50   -4.49   -6.34   -8.85  -24.22  -37.31  -30.67  -21.56
