INPGRID BOTTOM REGULAR -79.533648 -10.009831 0.00 14 10 0.098124 0.100324 &
READINP BOTTOM +1 '../01_geometry/REGIONAL_20241201_20241231_BOTTOM.txt' 3 3 FORMAT '((15f8.2))'

     nan     nan     nan     nan     nan     nan     nan     nan     nan     nan     nan     nan     nan     nan     nan
 1580.81 1030.34  949.86  569.77  196.09  157.00  141.06  136.00  143.00  165.15  154.84  114.53  100.02   60.27 -159.17
 1212.93  567.80  402.40  199.98  171.82  155.00  143.49  144.57  148.70  154.23  140.05  110.08   96.68   47.23 -205.33
  822.84  269.52  170.95  160.65  161.13  153.52  147.10  141.63  151.90  150.65  128.00  102.48   74.93 -151.28 -529.12
  257.54  155.80  152.07  157.04  156.38  151.45  139.00  145.00  148.00  127.69  107.08   97.29  -40.82 -215.56 -472.73
  172.41  148.01  159.49  160.11  148.82  141.92  131.76  133.00  132.94  109.26  100.00   76.00  -31.75 -114.18 -817.42
  216.74  163.22  161.48  154.26  142.23  121.00  131.72  123.12  112.50  100.02   90.47   52.64  -40.16 -189.76 -396.31
  277.27  175.74  150.79  144.24  134.80  129.00  111.15  103.50   93.94   92.94   66.02  -66.40 -163.12 -611.78-1161.12
  195.16  137.00  137.88  124.11  111.71  112.74  101.32   91.24   89.00   67.49   10.28 -104.81 -124.93 -625.31 -717.68
  130.16  127.18  121.08  112.08   95.00  103.13   92.28   84.73   53.16   30.00   -7.92 -204.21 -710.78 -508.54 -714.16
  116.95  114.03  114.00  100.24  100.00   92.00   87.94   80.73   28.18    8.94  -73.72 -245.29 -806.64-1319.21-1497.44
