INPGRID BOTTOM REGULAR -78.619642 -9.292412 0.00 30 26 0.005005 0.004954 &
READINP BOTTOM +1 '../01_geometry/SAMANCO_PORT_20241201_20241231_BOTTOM.txt' 3 3 FORMAT '((31f8.2))'

   91.68   91.68   91.36   90.97   90.17   89.78   87.73   86.84   86.04   85.82   83.00   80.97   77.60   68.69   56.94   50.53   50.00   49.47   43.38   32.93   30.00   29.03   26.73   16.32    0.79   -4.58   -6.04   -8.76  -10.74  -11.94  -13.96
   90.38   89.99   88.98   88.39   86.58   85.17   83.48   82.86   82.47   83.07   83.10   83.00   81.40   71.20   56.18   50.00   50.00   47.94   35.91   30.00   27.94   22.88   17.95   11.54    2.83   -3.27   -7.05   -9.55  -11.93  -13.76  -17.01
   88.54   88.30   87.17   86.10   83.71   81.26   78.52   77.37   76.81   76.98   76.79   75.31   72.59   64.94   52.87   50.00   50.00   45.68   29.88   25.93   16.54    9.87    4.91    1.40   -3.70   -8.95   -8.73  -10.90  -12.82  -15.29  -18.26
   86.22   86.22   85.04   83.49   80.56   77.05   73.47   72.25   70.75   68.61   65.68   60.46   52.10   51.34   50.13   50.00   48.20   39.59   22.75   11.17    6.73    1.47   -6.20   -4.81   -5.69  -10.75   -9.92  -12.13  -13.37  -15.27  -16.93
   84.04   83.92   83.66   81.65   76.86   72.41   69.71   67.05   63.45   59.06   55.91   53.69   50.00   50.00   49.81   47.22   42.59   34.49   18.71  -40.55  -81.25  -13.77  -13.49  -12.68   -7.43   -9.02   -9.05  -12.63  -15.37  -16.71  -17.91
   81.41   82.46   81.28   78.91   74.11   69.30   65.49   62.08   58.70   52.42   50.00   50.00   49.79   48.72   46.00   41.19   36.92   31.46   20.59    8.52  -19.48  -35.12  -77.65  -85.88  -38.54  -11.46  -10.09  -12.32  -14.30  -17.49  -18.95
   78.52   79.62   78.82   76.08   71.54   66.56   62.66   59.25   56.63   52.06   50.00   50.00   48.84   43.01   39.41   35.33   32.18   30.55   26.50   24.25   22.14  -18.15  -90.49 -171.38  -89.84  -14.33  -10.76  -12.51  -12.31  -18.45  -19.02
   75.71   75.43   75.17   73.01   69.20   64.26   60.38   57.61   54.70   51.10   50.00   50.00   46.86   34.22   34.10   31.66   28.72   29.93   29.50   29.50   29.07    6.81  -40.97 -102.03  -62.04  -15.40  -20.95  -22.90  -16.78  -32.53  -31.31
   73.33   73.17   71.31   69.72   66.63   62.83   59.19   56.78   54.24   51.14   50.00   50.00   40.51   15.32   28.11   30.10   29.67   30.00   30.00   30.00   30.00   13.94  -10.22  -21.25  -16.78  -18.05  -58.89  -57.24  -35.62  -42.41  -67.75
   71.98   70.97   68.79   67.17   64.19   61.38   58.00   56.38   53.19   51.38   50.20   48.91   34.31    9.83   25.62   29.76   30.00   29.99   29.96   29.94   29.92   19.89    6.82   -1.76   -3.00   -8.68  -65.15 -141.95  -82.67  -77.72 -141.83
   71.21   68.82   67.16   64.20   61.78   59.66   57.23   54.57   52.00   50.32   50.00   44.38  -10.27  -42.35    7.99   25.17   28.32   28.62   27.28   26.68   25.39   19.95   14.04   10.40    9.25    2.76  -46.89 -178.03 -168.38 -120.39 -192.50
   70.50   67.63   64.64   60.88   57.50   58.03   57.21   54.10   51.21   50.24   48.49   34.82  -15.67  -52.42  -19.16   15.24   22.01   23.48   23.39   22.56   21.11   19.59   18.02   16.60   18.56   14.09  -29.09 -158.00 -221.28 -175.06 -262.76
   69.43   66.44   62.85   58.85   54.74   55.50   54.83   51.49   50.50   48.49   28.60    6.36   -5.51   -8.77    1.80   18.17   24.34   20.03   20.42   19.21   18.49   19.00   19.25   20.91   25.01   24.12  -11.81 -108.73 -234.71 -240.20 -333.62
   67.26   64.47   61.66   57.67   54.04   51.73   50.89   50.00   50.00   21.98  -10.82  -24.65 -112.71  -52.75   13.31   24.12   30.64   24.63   20.98   17.92   17.22   17.44   17.70   20.23   25.04   23.95   -1.18  -85.37 -234.42 -292.47 -310.61
   64.30   61.14   58.72   55.89   52.28   50.22   50.00   50.00   26.70  -21.67  -39.06 -206.66 -227.70  -59.99   10.56   26.40   38.74   31.38   23.09   17.78   16.22   16.01   14.11   15.38   17.84   11.86   -8.96  -41.32 -146.48 -243.45 -204.16
   59.96   58.55   56.00   52.91   50.69   50.00   50.00   47.16   10.91  -37.38  -59.51 -196.50 -172.88  -31.19   14.46   26.99   36.99   32.53   24.06   18.08   15.23   14.83   12.79   12.41   13.52    7.45  -11.58  -25.94 -117.45 -186.49 -150.16
   56.39   54.64   53.00   51.01   50.00   50.00   50.68   38.46   -7.09  -64.16 -155.38 -207.36  -95.44   -5.95   18.25   27.90   37.33   32.01   23.08   17.30   14.38   13.65   12.52   12.55   13.34    8.76   -6.66  -16.93  -53.92  -92.39 -164.60
   53.25   51.49   50.85   50.28   50.00   48.73   36.61    8.98  -34.30 -109.53 -274.57 -239.10  -62.75   -7.16   17.03   25.89   34.25   28.91   20.77   16.04   14.71   12.99   12.00   12.60   13.47   11.46    1.51  -25.06  -88.22 -111.39 -203.65
   50.77   50.28   50.00   50.00   42.75   26.19    7.22  -21.60  -77.59 -154.91 -211.29 -224.32  -55.79   -5.58   12.88   18.52   25.21   22.15   17.55   14.67   14.28   12.27   12.00   11.82   11.11    9.20    1.86  -27.79  -98.04 -110.23 -130.52
   49.11   49.99   50.00   45.39   18.96   -6.50  -30.75  -14.71  -48.25 -108.68  -88.29 -126.61  -35.41   -2.30   10.67   14.77   17.52   14.75   14.79   14.03   13.26   11.98    9.98    8.85    6.53    4.56   -4.53  -12.64  -33.29  -48.25  -63.05
   49.81   50.00   49.90   39.37   -4.80  -65.27  -84.75  -89.40  -60.09  -65.35  -46.82  -21.71   -4.46    6.71   11.14   13.43   14.80   13.88   13.39   12.19   11.64   10.79    9.21    6.50    4.63   -6.28   -7.92  -15.84  -37.30  -38.68  -49.26
   50.00   50.57   46.88   18.42  -45.51 -120.05 -161.33 -245.43 -134.21  -41.96  -17.74   -7.70    7.83    9.81   10.14   11.46   12.71   12.28   11.30    9.93    8.04    8.41    6.80    4.67    1.56   -4.00   -8.25  -15.47  -26.22  -38.56  -47.38
   49.25   41.57   28.57   -0.76  -75.62 -197.48 -335.96 -365.43 -168.82  -35.88   -5.27   -2.96   11.27    8.69    7.18    9.17   10.56    9.94    9.16    7.64    6.23    6.50   -1.07  -16.00   -7.78   -5.54   -9.21  -15.59  -15.97  -28.42  -41.14
   40.04   12.97    3.97  -17.04 -121.74 -325.68 -394.44 -287.40 -127.19  -38.11   -6.91   -3.33    2.93    5.60    4.40    5.74    6.33    6.26    5.59    4.80    3.86    0.65   -6.44  -21.11   -8.87   -7.61   -9.06  -12.96  -15.53  -23.65  -40.74
   29.13    9.36  -20.74  -60.61 -161.92 -297.71 -260.43 -111.71  -53.05  -24.84   -5.83   -3.86   -2.45   -4.05   -3.71   -2.90   -1.85   -2.35   -1.40   -1.99   -2.80   -4.58   -6.57   -8.99   -7.49   -9.46  -12.61  -15.67  -17.11  -23.96  -37.56
   22.66   11.22   -0.49  -69.72  -82.66 -114.91  -91.63  -38.53  -15.01  -16.09   -6.08   -4.00   -4.95   -4.97   -5.00   -3.47   -4.05   -4.79   -4.02   -3.46   -5.44   -4.99   -4.46   -6.41   -8.26  -11.49  -15.08  -17.97  -21.95  -27.31  -37.26
   15.20   12.78   -6.04  -32.58  -31.85  -27.55  -27.33  -24.83    1.47    3.02   -2.04   -3.77   -4.19   -4.40   -5.28   -5.09   -4.77   -4.61   -4.41   -5.14   -6.23   -5.23   -5.40   -6.51   -8.93  -12.64  -17.44  -20.69  -24.75  -27.18  -34.61
