INPGRID BOTTOM REGULAR -78.677052 -9.819253 0.00 44 67 0.010053 0.009977 &
READINP BOTTOM +1 '../01_geometry/TRANSITION_20241201_20241231_BOTTOM.txt' 3 3 FORMAT '((45f8.2))'

  149.89  151.98  153.85  158.79  158.22  157.82  157.00  156.89  154.45  150.76  147.86  146.00  144.04  139.63  137.24  131.19  126.00  124.83  121.18  117.27  114.74  112.04  111.03  108.56  106.77  103.59  101.26  100.00  100.00   99.86   98.95   98.17   96.09   94.45   90.96   87.61   83.49   78.93   74.12   65.82   57.16   50.27   49.35   -1.56   21.72
  152.27  152.42  153.00  155.25  156.63  157.00  157.00  157.65  152.30  148.20  144.63  143.18  140.75  138.52  136.15  128.18  126.00  123.95  120.12  116.30  113.46  111.05  110.39  109.00  107.36  103.86  101.26  100.00  100.00  100.27  100.00   98.61   96.51   93.20   88.94   84.81   79.12   75.45   71.54   56.65   50.00   50.00   44.87   34.11    7.01
  154.00  153.81  153.17  150.24  153.66  157.05  157.67  153.90  148.81  146.09  143.77  140.63  139.33  137.83  133.09  126.47  125.98  123.95  120.50  115.20  111.40  109.66  109.00  109.00  107.42  103.90  100.51  100.00  100.19  100.33   99.87   98.20   94.52   91.49   87.93   83.09   77.26   74.00   70.06   54.76   50.00   45.33   31.98   30.16   -8.50
  156.12  158.39  155.71  151.65  153.66  156.94  157.69  146.98  144.57  142.94  141.81  139.03  139.00  135.60  128.56  126.80  124.77  122.82  117.12  114.15  110.80  109.96  109.00  107.50  107.02  103.67  100.52   99.86   99.03  100.98  100.95   97.14   92.72   90.35   86.91   82.06   77.20   72.31   65.99   50.00   50.00   40.49   30.04   28.56   -8.87
  158.00  157.81  156.26  154.93  154.46  155.46  150.80  142.96  142.00  142.00  140.27  138.79  139.00  134.15  126.11  126.80  123.11  118.52  116.10  113.22  111.86  110.46  108.95  108.23  106.54  103.67  100.26  100.00  100.00  101.00   98.15   94.93   91.00   90.00   85.91   81.38   74.94   68.24   60.31   50.00   48.55   30.52   16.15  -10.50  -17.17
  158.15  156.64  156.02  155.89  155.95  156.86  151.06  145.84  143.00  141.38  138.86  137.62  136.36  133.13  128.00  127.40  121.77  117.14  115.56  113.30  111.78  111.00  109.00  110.35  108.23  103.67  100.26  100.00  100.37  101.00   96.70   93.34   90.12   88.61   85.06   80.17   72.80   65.06   55.56   46.67   32.29   30.01  -10.03  -13.17  -61.21
  157.75  155.90  155.00  156.00  156.00  154.38  150.17  146.18  142.69  140.28  137.21  137.32  134.14  127.85  127.81  119.95  119.14  116.99  115.56  113.15  111.67  109.32  108.25  110.64  107.07  102.67  100.00  100.00   99.00   97.27   93.36   89.95   88.70   86.37   83.42   78.39   70.06   61.21   51.45   38.43   10.73  -16.35   -4.85  -46.33 -139.82
  156.00  154.95  154.47  155.20  154.48  151.22  147.88  145.46  142.30  139.28  137.31  137.20  133.69  127.77  122.58  119.00  118.14  116.61  114.56  112.46  110.26  108.12  108.00  107.18  104.48  101.67  100.00  103.13   96.21   93.38   90.19   88.07   85.86   83.09   79.29   74.81   63.26   53.70   48.55   25.01  -26.94  -90.73  -55.22 -108.16 -220.21
  155.96  153.97  153.97  152.96  151.97  149.82  147.06  144.10  141.69  140.01  137.86  135.34  132.01  127.23  123.95  119.77  117.39  115.00  113.55  110.97  109.25  109.00  107.91  104.48  102.08  100.00  100.00  101.32   93.73   88.95   87.95   86.13   82.77   79.69   74.84   69.46   59.05   46.94   32.86  -20.18  -21.87 -161.90 -152.87 -167.07 -287.18
  153.14  152.76  153.00  150.47  149.42  148.50  147.57  146.16  141.25  137.42  136.57  133.71  129.77  126.88  121.45  119.00  117.39  114.57  112.88  110.51  108.74  108.71  105.05  103.50  102.48   99.67  101.27   94.35   89.69   85.59   83.92   82.23   80.35   76.31   70.06   65.75   53.89   28.19    3.40  -32.07  -52.51  -83.66 -168.59 -196.92 -293.47
  153.00  153.82  153.85  149.75  148.00  146.94  146.18  144.28  140.45  136.00  134.91  131.18  128.01  125.05  119.57  118.80  115.77  113.00  112.92  111.15  109.22  109.00  104.91  103.92  103.22  100.55   98.65   91.69   86.12   84.19   81.68   80.00   76.92   71.57   62.54   55.52   46.10    7.04   -7.61  -33.09  -65.92 -100.32 -145.00 -204.13 -282.09
  154.01  153.91  153.60  149.29  146.78  144.13  142.41  139.16  135.00  135.00  134.40  130.14  128.00  123.88  118.43  117.00  115.52  114.21  113.00  112.15  108.74  106.18  103.41  101.78  100.87  100.38   94.24   90.32   85.99   83.26   81.43   78.39   74.35   65.99   50.00   49.78   35.45   12.32  -13.78  -28.34  -64.88 -119.56 -162.12 -236.18 -272.65
  154.00  151.97  148.94  143.92  144.05  144.24  139.61  136.43  135.00  135.28  131.25  127.84  125.82  122.24  117.94  116.00  116.53  116.57  113.56  111.21  108.47  104.03   99.09   99.39  100.56   97.06   91.65   88.33   87.78   85.65   83.83   80.00   73.21   62.99   48.68   37.47   27.73  -10.34  -33.00  -44.89  -82.43 -131.38 -178.44 -217.33 -256.67
  151.96  147.56  144.15  141.01  143.66  140.77  135.01  133.89  135.68  132.54  128.85  123.81  122.96  119.99  116.41  117.19  115.76  113.99  112.56  110.15  108.47  104.32   99.92   99.51  101.82   95.69   90.52   86.84   87.56   85.03   83.59   78.38   71.12   60.21   46.52   29.52   -8.19  -17.98  -54.12  -91.46 -192.13 -185.18 -199.97 -238.52 -280.33
  144.38  142.13  141.93  143.00  143.07  132.51  125.91  129.22  131.97  129.00  125.83  125.17  120.65  115.97  114.21  113.60  112.23  112.00  112.00  110.66  108.28  104.65  101.33  100.30  100.77   94.34   89.41   85.35   83.60   81.63   78.89   72.86   65.27   57.65   41.76   -1.03  -53.88  -77.38 -104.25 -118.29 -146.00 -217.12 -259.13 -305.42 -293.62
  138.19  138.68  141.17  143.00  138.66  127.44  122.80  130.57  131.17  128.06  126.18  122.67  119.08  114.70  112.42  111.20  111.00  111.01  111.91  110.15  107.89  104.65  100.98  101.29   99.17   93.48   88.52   84.02   81.19   79.23   74.42   65.56   55.56   49.30   32.30  -29.34  -59.65 -167.03 -178.34 -170.62 -165.32 -247.44 -309.27 -300.98 -368.70
  141.39  144.37  142.83  141.07  134.27  131.19  130.90  132.00  127.56  125.31  124.48  119.09  116.86  113.55  111.02  109.77  108.81  108.63  110.17  109.81  107.74  105.32  100.00   99.90   98.05   93.15   88.33   83.01   80.22   77.64   72.32   57.22   49.92   46.31   13.13  -86.59 -244.50 -452.04 -338.18 -217.07 -202.63 -238.92 -252.56 -207.50 -270.55
  144.01  144.00  142.00  139.07  135.34  133.81  130.70  131.04  126.42  124.28  124.14  119.64  116.45  111.67  108.63  106.75  106.42  106.42  106.42  106.91  105.96  104.95  102.42   99.71   95.59   91.48   87.52   82.85   78.54   73.29   71.28   52.11   40.16   29.51  -27.87 -201.33 -385.39 -429.41 -341.35 -265.87 -276.03 -209.59 -175.20 -202.16 -288.40
  144.04  142.59  140.35  136.79  133.05  129.06  130.00  129.14  124.70  123.02  121.90  118.46  114.10  109.27  105.46  103.04  103.02  104.05  105.00  105.00  102.02  100.00  100.02   98.51   95.17   91.34   88.24   82.69   75.76   63.23   49.85   48.43   28.69  -29.85 -122.27 -221.56 -332.30 -501.40 -404.43 -364.28 -390.97 -208.93 -188.94 -201.57 -269.87
  141.25  139.47  138.42  135.23  131.10  128.04  129.30  126.90  123.43  122.36  119.17  116.53  111.70  106.88  103.05  100.43  100.01  101.66  105.44  103.83  101.63  102.46   99.97   97.50   96.03   93.67   90.36   84.91   74.97   53.34   48.96   24.87   -7.83  -57.12 -172.06 -438.02 -683.56 -884.08 -787.49 -510.84 -364.87 -212.60 -199.13 -209.53 -280.81
  139.23  136.95  134.47  130.47  127.89  127.23  127.60  124.44  122.00  118.55  117.90  115.03  110.34  105.40  100.66   98.19   98.47   99.26  102.67  102.07  100.56  100.16   99.14   97.61   96.08   94.08   91.52   88.23   84.21   50.34   33.32   -5.30  -34.54 -118.36 -277.18 -632.25 -971.50 -746.48 -808.52 -672.10 -350.65 -231.15 -207.28 -222.68 -258.92
  135.99  133.07  130.01  127.17  126.00  125.85  125.28  121.42  119.84  118.88  118.00  114.35  108.11  104.09   99.39   97.80   97.00   97.05  100.35  101.88  100.00   99.00   97.76   96.92   95.85   93.67   90.36   86.35   75.46   47.10   22.84   -5.80  -50.86 -121.21 -229.17 -537.84 -719.79 -484.90 -527.98 -519.42 -322.61 -226.74 -212.79 -230.91 -266.98
  135.98  131.16  126.78  124.31  124.44  124.07  121.42  119.44  118.83  118.32  117.86  113.60  107.12  103.25   99.21   97.80   96.27   96.05   99.19  100.44   99.74   98.00   96.95   95.72   95.00   93.67   89.11   82.91   70.79   47.33   29.82   -8.49  -51.11 -127.36 -343.54 -555.03 -487.68 -468.63 -337.45 -359.66 -286.14 -251.17 -228.66 -248.99 -269.66
  135.03  129.19  124.22  121.30  123.03  120.93  117.58  117.05  116.74  117.01  117.00  113.35  107.08  102.66   99.21   97.00   96.97   97.05  100.83  100.00   99.49   97.05   95.91   93.55   92.18   92.72   86.86   80.43   68.08   48.22   28.27  -51.96  -87.72 -115.44 -317.90 -556.62 -462.20 -461.36 -284.80 -252.13 -256.62 -250.93 -257.75 -261.91 -275.39
  131.65  128.30  121.76  121.00  121.65  118.86  116.34  116.00  115.69  116.25  117.00  113.01  107.08  102.25   98.56   97.00   97.21   99.35  100.00  100.00   97.39   94.98   93.53   90.48   89.65   88.77   84.34   77.28   64.20   48.42   26.55  -18.49 -104.63 -213.92 -253.39 -383.08 -532.35 -361.95 -229.60 -220.90 -268.13 -222.41 -245.89 -273.88 -252.02
  129.25  125.84  122.12  120.06  120.75  114.82  115.26  115.23  114.49  115.19  115.26  111.61  106.08  102.63   99.95   97.79   98.90  100.28  100.74   98.41   95.93   92.58   90.17   87.76   87.26   84.93   80.49   74.27   61.48   47.32   20.45  -20.59  -76.79 -274.03 -379.69 -443.10 -328.50 -247.66 -191.08 -201.47 -219.77 -212.54 -240.61 -276.79 -229.06
  127.85  124.50  121.03  119.62  118.87  113.87  113.87  112.87  113.13  113.63  113.73  110.16  105.07  102.63  100.53   99.00  100.00  100.00   99.49   97.15   93.70   91.19   88.78   86.87   85.02   81.88   77.12   70.00   59.33   46.33   23.79  -41.19 -115.22 -237.56 -340.22 -360.71 -232.14 -195.50 -172.92 -173.90 -185.08 -212.55 -248.29 -291.27 -238.86
  124.48  124.78  119.28  117.60  115.34  112.47  112.47  110.63  111.11  110.75  110.81  107.92  105.04  102.43  100.68  100.00  100.00   99.47   99.00   96.70   92.08   89.32   86.91   84.70   82.08   78.31   69.45   59.97   51.62   30.09  -36.13 -105.12 -302.61 -218.07 -186.55 -390.92 -197.94 -147.50 -147.82 -158.84 -186.50 -212.78 -252.84 -297.81 -212.48
  120.22  116.25  116.06  115.83  111.76  112.00  111.55  110.01  109.71  109.08  106.95  105.53  103.15  100.70  100.00  100.00   99.74   98.00   97.64   94.24   90.81   88.40   85.99   83.07   79.25   73.79   63.45   50.00   36.35  -25.33 -105.62 -203.30 -191.64 -104.55 -118.93 -185.41 -127.56 -128.59 -135.76 -157.56 -190.13 -214.26 -232.01 -237.39 -149.09
  114.98  113.92  115.00  113.51  110.00  111.00  110.52  108.79  107.47  105.87  103.55  102.68  101.70  100.00  100.00   99.94   98.07   94.99   93.63   91.56   88.42   86.90   84.56   81.02   77.74   73.44   61.09   50.00   29.40  -41.93 -158.29 -189.05  -71.17  -64.36  -70.29  -96.58  -82.69  -90.06 -125.69 -160.70 -195.86 -224.24 -246.89 -142.67 -112.62
  113.28  112.95  114.00  110.97  109.76  110.95  108.80  106.42  104.49  103.37  102.15  101.13  100.01  100.00  100.15  100.51   96.77   93.26   90.85   89.15   86.74   84.38   81.40   76.93   72.99   71.45   53.85   49.78   38.70  -39.67 -195.02 -200.01  -53.22  -33.99  -37.36  -49.94  -64.26  -97.88 -145.62 -164.22 -192.68 -183.87 -186.90 -120.71 -106.62
  111.01  112.94  112.82  108.00  109.59  108.76  106.41  103.09  102.89  102.65  101.99  100.40  100.00  100.37  101.00  100.49   96.73   92.00   90.00   88.13   85.74   82.51   77.61   72.34   67.85   61.37   51.01   44.15   12.51 -130.80 -370.28 -214.89  -33.77  -13.20  -25.05  -43.08  -77.50 -122.75 -176.15 -145.85 -164.41 -127.80 -106.84  -93.20 -111.45
  111.00  112.00  109.83  107.62  108.50  107.39  104.27  102.10  102.00  101.36  100.50  100.00  100.00  100.69   99.21   96.90   94.58   92.95   90.34   88.15   85.47   79.97   73.78   67.49   60.25   53.34   44.05   30.08  -14.03 -185.63 -326.10  -98.36   -7.36   -6.60  -31.80  -62.22  -93.79 -127.07 -149.42 -142.15 -101.22  -84.37  -79.88  -97.45 -167.01
  110.11  110.11  106.53  107.00  107.11  104.10  103.95  103.00  102.00  101.25  100.00  100.00  101.00  100.63   98.21   95.08   93.08   91.00   90.56   87.30   82.68   76.86   70.93   64.60   54.53   50.29   33.53   26.85  -30.14 -105.73 -127.00  -19.98   -4.15   -6.71  -25.41  -83.68 -134.47 -137.51  -60.83  -74.00  -61.70  -89.16  -97.24 -113.19 -168.36
  109.71  107.17  105.00  104.71  104.34  103.05  103.23  101.81  101.13  100.20  100.00   99.87  100.72   98.63   96.36   94.60   92.10   90.00   89.71   86.16   79.18   74.65   69.71   61.77   52.80   49.72   32.37   14.66  -43.97  -95.21   -7.26   -5.29   -7.06  -11.44  -55.05 -100.35  -78.48  -40.91  -50.05  -90.41  -81.59 -100.13 -133.86 -124.96 -149.50
  106.31  104.71  104.32  105.00  103.90  101.95  101.32  100.32  100.00  100.00   99.00   98.86  100.00   97.82   95.46   92.80   90.70   88.32   86.63   83.08   77.29   73.43   68.96   57.46   50.00   46.70   30.00   -4.60  -69.48 -135.98   -6.12   -7.00   -9.05  -17.01  -70.89  -39.94  -30.65  -42.95  -69.18  -70.00  -97.52  -91.77 -101.06 -123.33 -138.79
  105.99  103.53  104.00  103.98  102.26  100.00  100.00  100.00  100.00   99.26   97.80   97.92   98.00   97.00   94.43   92.06   89.77   86.97   83.48   79.37   74.15   68.65   68.00   56.33   50.00   35.86   26.41    0.73  -33.29  -52.91   -5.39   -7.99  -12.22  -15.60  -20.06  -26.58 -104.36  -65.91  -66.90  -74.47 -121.43 -142.57 -171.08 -124.61 -140.14
  103.99  103.31  103.00  102.21  100.18  100.00  100.00   99.58   98.53   98.15   96.86   96.53   97.53   96.45   94.21   92.80   89.77   86.95   81.86   77.38   73.47   68.48   66.93   53.75   50.00   29.33   28.91   21.17    2.48   -7.18   -6.07   -8.23  -11.53  -14.96  -17.69  -31.01  -96.11 -102.12  -66.89  -79.83 -109.01 -158.98 -145.82 -165.82 -146.09
  102.13  102.13  102.86  100.10  100.00   99.88  100.00   98.89   97.73   97.04   96.86   96.00   96.83   94.68   93.32   91.93   88.39   85.11   81.18   76.56   72.61   68.02   61.91   52.12   50.00   29.33   21.80    7.38   10.29    5.81   -6.65   -8.11   -9.38  -10.81  -30.01  -27.53  -45.23  -84.98 -110.44 -122.38 -100.63 -112.65 -144.83 -268.58 -188.62
  102.00  102.00  102.00  100.00  100.00  100.00   99.52   98.10   96.92   96.48   96.74   96.00   95.03   92.53   90.95   90.54   86.23   82.97   79.56   76.04   71.21   67.39   59.45   51.36   49.76   29.33    5.66  -54.11   -6.90   -7.14   -8.29   -8.64   -8.63   -8.69  -19.48  -55.61  -66.52  -92.03 -116.81 -136.46 -116.47 -171.93 -155.90 -274.74 -184.68
  101.00  101.34  101.89  100.84  100.34   99.34   98.68   97.41   95.24   95.00   95.34   95.00   94.01   91.38   89.07   88.28   84.73   81.32   77.91   73.64   69.08   64.99   55.59   50.17   41.37    7.59  -35.13  -77.62   -3.26   -5.33   -7.78   -9.40  -17.48  -18.39  -36.97  -85.58  -89.74 -110.28 -156.45 -179.40 -182.98 -148.41 -179.81 -250.99 -190.34
  100.99  100.97  100.96   99.96   99.02   98.93   97.98   96.96   95.00   95.00   94.95   93.00   91.99   89.63   87.95   86.74   82.76   78.92   75.07   71.10   68.47   64.31   54.55   50.50   27.85  -32.84 -131.34   -5.48   -4.48   -5.05   -5.52  -15.04  -44.51  -39.99  -44.77  -87.47 -131.81 -139.41 -175.78 -227.03 -204.89 -250.96 -187.83 -267.73 -240.61
  100.00  100.00  100.00   99.00   98.05   97.52   97.00   96.10   94.86   94.40   93.56   91.95   90.02   88.35   86.12   84.80   81.12   76.95   72.12   69.18   66.70   64.35   55.06   50.28   27.81  -81.22 -160.62   -5.39   -5.48   -5.97   -6.35  -12.04  -24.67  -48.54  -81.79  -97.41 -219.58 -228.26 -215.70 -249.37 -270.87 -349.05 -199.49 -246.54 -263.88
  100.00  100.00   99.17   98.63   96.79   96.09   95.16   94.26   92.90   92.39   91.16   90.16   89.85   87.63   85.21   81.96   78.61   75.13   71.49   68.15   66.00   59.83   51.04   42.37   12.21  -39.70  -83.84   -5.51   -5.34   -8.91  -11.57  -18.01  -40.71  -92.54  -91.41 -102.80 -234.30 -305.62 -278.38 -267.05 -313.40 -370.62 -211.32 -229.84 -287.06
   99.77  100.00   99.00   97.52   95.60   94.00   94.00   92.10   91.40   91.00   89.66   88.77   88.03   87.54   83.98   80.14   76.77   73.72   70.46   65.87   59.31   53.43   48.40   23.48  -23.90  -46.97 -156.82  -17.84   -6.53  -10.67  -52.05  -25.06  -40.39  -69.46 -125.81  -98.23 -149.07 -256.36 -307.10 -319.39 -323.05 -283.88 -245.72 -258.92 -312.13
   99.01   99.84   98.48   96.60   95.34   94.04   93.70   91.48   91.63   91.17   89.00   87.45   85.77   84.76   81.96   79.17   75.38   71.96   67.87   61.87   54.85   49.37   48.16   23.98   21.79  -42.31  -70.25   -7.56  -12.58  -47.85  -98.29  -46.59  -44.42  -85.38 -133.51 -137.84 -116.39 -242.52 -290.88 -330.30 -308.48 -311.36 -271.87 -330.48 -460.12
  103.06  100.58   98.17   96.51   95.00   94.00   92.52   91.10   91.33   91.98   89.89   86.35   83.00   80.98   79.17   75.56   71.72   67.91   63.07   57.36   51.67   44.48   35.61   29.50   29.04   -4.79  -30.67  -24.49  -41.61  -83.52 -172.30  -72.13  -54.91  -68.34 -125.76 -109.68 -124.03 -138.16 -158.76 -226.71 -287.11 -256.45 -284.81 -389.14 -491.89
  102.56  100.00   98.17   96.44   94.20   92.51   91.58   91.42   91.47   91.58   90.86   85.94   80.66   77.95   75.59   70.35   66.30   61.70   54.81   50.00   36.28    0.85   28.45   30.00   22.84  -19.07  -69.08 -124.87  -69.93 -106.29 -124.43  -69.32  -64.07  -71.11  -86.38 -108.20 -148.35 -152.96 -179.25 -264.30 -205.67 -225.50 -268.25 -324.56 -386.70
   97.38   98.19   97.17   94.94   93.94   91.99   91.61   91.00   91.00   90.19   89.05   84.09   78.27   74.00   69.80   64.17   58.95   55.54   51.79   41.15   29.40    4.89   21.18   11.61  -14.70  -23.77  -35.52  -86.14 -133.04 -192.82 -304.88 -128.10  -80.76  -80.08  -86.64 -100.64 -151.51 -236.64 -180.25 -204.17 -239.80 -255.96 -290.63 -330.87 -465.94
   95.01   96.00   95.96   94.00   93.27   91.25   91.38   91.00   90.75   89.33   87.52   81.06   75.11   69.97   64.18   57.78   51.57   49.23   48.38   28.58    2.99   18.00    9.61  -13.60  -74.67 -105.34  -45.76 -128.17 -247.38 -386.31 -336.19 -176.30 -102.11  -89.93  -99.82 -131.54 -164.47 -274.03 -253.08 -227.72 -223.65 -243.78 -264.53 -284.11 -349.09
   95.01   95.00   96.40   93.85   92.00   91.00   91.00   91.00   92.79   90.88   85.65   78.75   71.90   65.83   58.88   52.24   50.00   49.83   15.11  -32.90  -47.77  -10.39  -27.60  -18.89  -71.01 -111.21  -56.51 -110.01 -250.27 -405.13 -275.61 -183.31 -125.84 -127.78 -114.62 -152.52 -157.80 -267.05 -360.24 -308.08 -340.08 -292.89 -300.11 -327.86 -324.56
   94.01   94.58   94.83   92.76   91.35   91.07   92.48   96.78   97.68   94.99   89.30   76.26   67.09   60.89   54.44   50.00   50.61   36.79  -11.56 -132.07  -13.93  -15.80  -61.76  -51.90  -59.82 -139.72 -119.84  -87.09 -165.82 -247.86 -214.23 -166.92 -156.09 -195.37 -144.34 -133.01 -158.68 -238.58 -336.11 -468.00 -480.27 -452.13 -516.96 -406.79 -459.83
   91.62   92.52   91.78   91.85   91.00   92.00   93.00   95.12   95.33   93.55   90.46   77.15   66.84   56.20   50.26   48.87   32.28   26.78  -17.93   -6.31  -10.21  -12.29  -82.33 -113.63 -118.49 -145.78 -119.62  -99.19 -115.89 -159.39 -187.61 -206.74 -190.21 -250.62 -229.93 -152.29 -157.38 -228.34 -278.67 -300.07 -407.04 -554.23 -748.54 -565.72 -657.89
   90.00   91.09   91.96   92.95   91.34   91.22   91.22   90.43   88.41   85.71   84.73   82.54   74.42   50.54   50.00   31.91   28.56   19.61   -1.06   -8.37  -12.05  -24.05  -43.06 -124.26 -104.47 -103.85 -137.12 -146.07 -183.02 -174.41 -217.75 -247.27 -234.40 -271.90 -303.55 -198.91 -166.89 -187.01 -209.59 -250.71 -287.64 -376.68 -485.29 -819.14 -987.73
   90.00   91.00   91.65   91.82   90.22   88.57   87.65   85.75   80.79   75.57   73.89   70.84   64.84   50.00   48.16   23.24    6.73   -1.57   -8.99  -10.88  -14.14  -17.39  -20.68  -32.47  -36.77  -48.23  -91.59 -211.95 -262.33 -230.14 -364.64 -401.34 -354.14 -297.52 -406.02 -257.23 -186.22 -187.76 -208.76 -229.96 -257.21 -302.63 -372.04 -512.70 -654.12
   90.00   89.68   88.02   88.43   86.39   83.28   83.13   81.96   72.75   65.85   57.87   52.10   50.00   46.38   35.87    0.30  -38.92  -40.73   -9.52  -11.55  -16.57  -19.64  -22.40  -27.72  -32.76  -43.66  -61.79  -89.30 -139.70 -349.17 -425.74 -703.47 -425.26 -356.85 -376.55 -389.35 -268.31 -230.42 -223.81 -258.04 -268.43 -298.15 -346.40 -414.30 -510.22
   89.99   87.19   84.23   84.06   81.74   78.03   77.59   76.30   67.53   58.93   53.52   50.00   42.44   35.00   30.08   27.93   10.81 -162.50  -30.24  -13.07  -16.84  -20.69  -23.18  -27.99  -35.60  -39.33  -47.10  -89.17 -140.08 -291.40 -567.03 -662.55 -467.10 -432.36 -685.42 -594.39 -333.15 -274.56 -240.47 -255.15 -282.57 -311.86 -344.89 -394.13 -462.91
   88.00   85.95   82.33   79.39   76.74   73.90   72.46   69.38   63.46   57.45   52.33   49.80    6.25   29.77   30.00   30.00   21.92   -9.05  -12.30  -95.91  -54.19 -132.83  -29.30  -32.37  -36.58  -43.38  -46.30  -59.06 -114.63 -193.62 -320.18 -464.01 -234.32 -450.05 -624.64 -396.28 -348.11 -287.04 -292.27 -274.37 -295.32 -334.98 -366.83 -395.50 -451.99
   87.74   85.14   82.21   76.63   73.59   72.93   69.67   64.02   59.74   55.76   50.21   46.01  -67.43   13.16   25.74   24.93   21.15   13.76   11.38 -142.81 -154.00 -237.46  -56.58  -37.41  -42.67  -45.66  -51.16  -58.93  -68.33 -101.55 -185.82 -227.21 -185.39 -377.33 -364.23 -306.92 -347.23 -318.03 -334.61 -301.32 -329.50 -350.19 -448.68 -416.04 -434.56
   85.84   83.22   80.58   73.25   70.70   71.63   67.17   60.16   54.24   50.94   48.23   -3.22  -18.46   17.11   21.62   18.77   18.37   20.63   27.92  -51.98 -279.53 -359.68  -86.21  -59.47  -63.50  -50.45  -58.23  -62.67  -71.02  -76.26  -95.97 -116.87 -140.03 -188.46 -209.60 -319.53 -481.62 -395.57 -366.62 -424.94 -436.35 -374.98 -419.17 -517.38 -454.34
   82.90   78.76   73.87   68.96   65.95   64.30   60.90   55.63   50.31   50.00  -21.18 -133.72  -87.41   21.54   34.47   19.04   15.46   12.96   12.32  -18.62 -215.59 -214.52 -140.34  -86.42  -82.99  -80.45  -78.61  -69.79  -75.55  -82.58  -91.81 -114.62 -169.91 -198.30 -207.63 -287.56 -399.06 -435.48 -477.29 -636.81 -484.27 -410.93 -433.21 -557.96 -634.37
   79.05   75.22   70.60   66.57   63.40   57.98   53.25   51.17   50.00   39.67  -55.87 -247.00  -25.01   23.70   34.10   17.70   13.43   12.05   12.52   -6.63  -66.30 -264.39 -112.19 -125.60 -142.10 -120.34 -110.24  -81.14  -81.89  -89.71 -101.25 -109.95 -135.61 -170.05 -211.80 -263.11 -319.26 -370.84 -472.49 -362.32 -447.09 -635.10 -530.18 -587.02 -665.84
   74.33   71.30   68.45   64.59   59.58   53.12   49.83   50.00   17.54  -16.45 -131.76 -164.73  -13.71   14.67   19.17   14.53   12.65   10.98    7.61   -9.23  -82.23  -90.32  -93.27 -146.22 -165.48 -148.94 -119.00 -117.26 -144.84  -95.95 -106.22 -116.41 -124.90 -154.21 -171.67 -210.15 -246.77 -260.36 -270.24 -376.93 -401.07 -699.25 -767.85 -737.44 -518.74
   70.81   65.86   61.03   57.39   53.98   50.66   50.00   41.11  -69.16 -159.03  -49.10  -18.68    7.40   11.75   13.33   11.35    9.37    6.94   -0.83  -10.60  -38.56  -58.26  -87.83 -140.37 -165.15 -229.78 -156.13 -181.96 -173.72 -106.38 -114.42 -122.82 -132.89 -142.14 -155.62 -183.44 -198.34 -218.07 -288.22 -422.12 -556.52 -661.83 -515.71 -440.06 -556.41
   64.61   58.67   53.92   51.54   50.30   50.00   36.75    1.99 -186.22 -406.65  -54.18   -3.54    7.79    6.46    8.51    6.46    4.92  -43.65   -7.75  -12.80  -21.60  -55.28 -106.80 -123.30 -174.43 -322.13 -224.33 -246.37 -165.99 -122.63 -120.35 -127.78 -138.17 -149.52 -170.18 -174.13 -189.22 -201.73 -251.51 -311.96 -307.85 -402.46 -517.06 -451.63 -512.35
   56.44   52.34   50.08   50.00   48.98   39.93   16.92  -41.01 -160.75  -97.62  -26.59   -4.00   -5.41   -4.43   -4.30   -3.41   -5.01   -7.44   -9.62  -16.15  -22.81  -54.06  -83.66 -113.95 -172.91 -210.95 -241.27 -313.01 -191.14 -149.92 -130.14 -135.22 -144.79 -155.18 -168.30 -179.37 -190.96 -204.92 -219.01 -241.64 -264.20 -375.88 -353.59 -320.24 -354.34
   51.17   50.00   50.00   47.73   39.62   19.29   10.35  -28.00  -10.55   -2.64    2.62   -1.49   -4.04   -6.14   -4.09   -5.18   -6.65   -6.05  -11.71  -21.69  -27.37  -43.50  -66.88 -102.94 -142.71 -185.13 -273.70 -342.88 -230.99 -227.58 -158.29 -142.71 -149.41 -161.61 -171.22 -184.10 -197.24 -210.58 -224.81 -239.21 -255.50 -285.79 -289.65 -310.14 -327.25
   49.69   48.26   45.67   39.25   29.28   11.63   10.91    3.93    3.65    4.08    3.30    1.92   -3.61   -5.51   -4.63   -9.16  -16.10  -17.92  -40.09  -42.27  -41.34  -41.63  -50.86  -81.17 -124.26 -189.94 -228.25 -289.74 -325.31 -258.90 -195.71 -197.39 -189.86 -179.09 -183.48 -203.68 -219.24 -218.96 -243.77 -248.94 -259.20 -273.64 -302.75 -396.88 -434.08
