INPGRID WIND REGULAR -78.500000 -9.750000 0.00 1 2 0.250000 0.250000 &
NONSTATIONARY 20241201.000000 3600.00 SEC 20241231.000000 
READINP WIND +1 '../02_bc_dbase/CASMA_PORT_20241201_20241231_WIND.txt' 3 4 1 0 FORMAT '((2f7.2))'

20241201.000000
  -1.02   0.22
   0.03   0.07
   0.28   0.26
   6.31   3.66
   5.96   2.68
   4.16   1.25
20241201.010000
  -1.13   0.19
  -0.07   0.27
   0.19   0.54
   6.15   3.42
   5.60   2.37
   3.77   0.86
20241201.020000
  -1.46  -0.07
  -0.25  -0.44
   0.10  -0.30
   6.17   3.08
   5.73   2.40
   3.66   0.72
20241201.030000
  -1.14  -0.10
   0.21  -0.14
   0.55   0.13
   6.27   3.22
   5.38   2.28
   3.29   0.52
20241201.040000
  -1.16  -0.23
   0.16  -0.27
   0.28  -0.10
   6.48   2.99
   5.53   2.10
   3.34   0.38
20241201.050000
  -0.81   0.04
   0.41  -0.21
   0.54  -0.07
   6.20   2.76
   5.29   1.95
   3.18   0.30
20241201.060000
  -0.62   0.03
   0.75  -0.26
   0.87  -0.11
   6.16   2.75
   5.27   2.03
   3.02   0.20
20241201.070000
  -0.22   0.17
   0.96   0.10
   1.03   0.15
   5.69   2.26
   4.97   1.79
   3.07   0.25
20241201.080000
   0.52   0.51
   1.46  -0.02
   1.22  -0.16
   5.54   2.28
   4.73   1.63
   2.95   0.29
20241201.090000
   0.16   0.50
   1.31   0.50
   1.21   0.34
   5.43   2.33
   4.74   1.79
   2.81   0.26
20241201.100000
  -0.82   0.15
   0.34   0.13
   0.62   0.23
   4.96   2.27
   4.42   1.79
   2.92   0.52
20241201.110000
  -0.69  -0.27
   0.47  -0.36
   0.56  -0.15
   4.83   2.21
   4.10   1.52
   2.24   0.23
20241201.120000
  -1.23  -0.05
   0.38   0.44
   0.65   0.59
   4.09   2.22
   3.47   1.40
   2.13   0.34
20241201.130000
  -0.34   0.37
   0.84   1.00
   0.94   1.13
   3.87   2.02
   3.41   1.30
   2.25   0.48
20241201.140000
   0.41   0.96
   1.33   1.29
   1.49   1.62
   4.10   2.19
   3.72   1.77
   2.70   1.05
20241201.150000
   1.26   1.46
   1.66   1.73
   1.39   1.88
   3.34   1.86
   3.33   1.39
   3.01   1.23
20241201.160000
   1.53   2.06
   1.75   1.73
   1.23   1.44
   4.38   2.61
   4.04   1.76
   2.94   1.09
20241201.170000
   1.84   2.15
   2.88   2.46
   2.77   2.49
   4.82   2.87
   5.01   2.60
   4.05   1.98
20241201.180000
   2.41   3.02
   2.87   2.76
   2.52   2.43
   6.08   4.24
   5.64   2.61
   4.28   1.66
20241201.190000
   0.49   1.61
   1.41   1.70
   1.70   1.72
   6.53   4.40
   6.48   3.16
   5.53   2.37
20241201.200000
   0.70   1.81
   1.45   1.70
   1.78   1.94
   6.41   4.47
   6.36   3.06
   5.11   2.22
20241201.210000
   0.04   1.23
   1.10   1.47
   1.34   1.61
   6.19   4.31
   5.83   2.80
   4.53   1.78
20241201.220000
   0.17   1.33
   1.01   1.35
   1.17   1.30
   5.67   3.87
   5.60   2.56
   4.54   1.72
20241201.230000
  -0.12   0.92
   0.94   1.09
   1.34   1.40
   5.85   3.68
   5.68   2.79
   4.09   1.53
20241202.000000
  -0.87   0.46
   0.19   0.68
   0.59   0.96
   5.61   3.31
   5.20   2.31
   3.70   1.18
20241202.010000
  -1.19   0.34
   0.01   0.38
   0.35   0.50
   5.30   3.02
   4.98   2.15
   3.37   0.94
20241202.020000
  -1.33   0.24
  -0.00   0.27
   0.42   0.35
   5.30   2.96
   4.71   2.03
   2.92   0.66
20241202.030000
  -1.39   0.26
   0.03   0.16
   0.42   0.19
   4.99   2.69
   4.34   1.92
   2.61   0.60
20241202.040000
  -1.35   0.36
   0.17   0.28
   0.57   0.28
   4.68   2.39
   4.07   1.82
   2.39   0.55
20241202.050000
  -1.21   0.35
   0.19   0.17
   0.51   0.17
   3.95   1.90
   3.45   1.49
   1.99   0.41
20241202.060000
  -1.03   0.26
   0.22  -0.08
   0.44   0.01
   3.44   1.58
   3.05   1.36
   1.66   0.38
20241202.070000
  -0.78   0.34
   0.42   0.11
   0.44   0.01
   3.03   1.44
   2.49   1.16
   1.25   0.22
20241202.080000
  -0.41   0.42
   0.66   0.01
   0.53  -0.10
   2.83   1.26
   2.37   1.05
   1.25   0.21
20241202.090000
  -0.10   0.47
   0.91   0.01
   0.65  -0.18
   2.94   1.37
   2.65   1.18
   1.62   0.35
20241202.100000
  -0.10   0.66
   1.14   0.58
   0.81   0.28
   3.63   2.00
   3.27   1.69
   2.10   0.71
20241202.110000
  -0.59   0.15
   0.67   0.06
   0.59   0.03
   4.28   2.27
   4.02   1.84
   2.73   0.82
20241202.120000
  -0.89   0.05
   0.34   0.38
   0.49   0.49
   4.63   2.57
   4.40   2.02
   3.06   0.96
20241202.130000
  -0.74   0.35
   0.22   0.67
   0.49   0.99
   4.73   2.82
   4.50   2.13
   3.40   1.26
20241202.140000
  -0.16   0.78
   0.57   1.07
   0.77   1.45
   4.71   2.81
   4.55   2.08
   3.68   1.48
20241202.150000
   0.42   1.30
   1.07   1.49
   1.12   1.70
   4.81   2.84
   4.69   2.14
   3.86   1.64
20241202.160000
   1.09   1.92
   1.67   2.14
   1.46   2.05
   4.83   2.87
   4.70   2.04
   3.90   1.59
20241202.170000
   1.40   2.36
   2.22   2.84
   1.84   2.51
   5.28   3.37
   5.19   2.75
   4.15   2.01
20241202.180000
   2.03   2.39
   2.57   2.61
   2.33   2.17
   5.19   3.36
   4.92   2.60
   3.86   1.68
20241202.190000
   1.66   2.12
   2.22   2.53
   2.04   2.37
   5.81   4.03
   6.24   3.35
   5.24   2.59
20241202.200000
   2.04   2.19
   2.49   2.54
   2.25   2.17
   6.20   4.43
   5.93   3.01
   4.83   2.02
20241202.210000
   0.50   1.27
   1.42   1.74
   1.80   2.00
   6.52   4.34
   6.67   3.27
   5.26   2.22
20241202.220000
   0.39   1.39
   1.28   1.64
   1.48   1.76
   6.14   3.96
   5.97   2.69
   4.56   1.58
20241202.230000
  -0.19   0.74
   0.42   0.85
   0.33   0.83
   5.64   3.38
   5.31   2.29
   3.83   1.20
20241203.000000
  -0.74   0.32
   0.08   0.30
   0.18   0.39
   5.70   3.29
   5.37   2.39
   3.63   1.07
20241203.010000
  -0.82   0.15
   0.27   0.31
   0.43   0.51
   5.59   3.12
   4.97   2.15
   3.11   0.71
20241203.020000
  -0.71   0.25
   0.55   0.37
   0.63   0.45
   5.13   2.65
   4.40   1.77
   2.68   0.37
20241203.030000
  -0.48   0.38
   0.71   0.32
   0.62   0.09
   4.84   2.32
   4.22   1.68
   2.61   0.34
20241203.040000
  -0.28   0.43
   0.82   0.12
   0.63  -0.27
   4.57   2.04
   3.98   1.55
   2.41   0.28
20241203.050000
  -0.16   0.47
   1.00  -0.03
   0.86  -0.25
   4.29   1.94
   3.67   1.51
   2.14   0.34
20241203.060000
  -0.31   0.37
   0.95  -0.28
   0.92  -0.26
   4.47   2.05
   3.81   1.62
   2.18   0.45
20241203.070000
  -0.44   0.23
   0.81  -0.26
   0.80  -0.36
   4.67   2.17
   3.93   1.63
   2.34   0.42
20241203.080000
  -0.69   0.18
   0.70  -0.23
   0.76  -0.35
   4.79   2.24
   4.03   1.69
   2.41   0.41
20241203.090000
  -0.72   0.19
   0.64  -0.28
   0.70  -0.38
   4.89   2.24
   4.21   1.71
   2.55   0.42
20241203.100000
  -1.09   0.02
   0.29  -0.23
   0.37  -0.19
   5.21   2.48
   4.53   1.92
   2.77   0.64
20241203.110000
  -1.20  -0.10
   0.11  -0.41
   0.13  -0.30
   4.80   2.26
   4.17   1.70
   2.43   0.51
20241203.120000
  -0.87   0.20
   0.61   0.39
   0.87   0.47
   4.63   2.39
   3.95   1.68
   2.39   0.50
20241203.130000
  -0.02   0.79
   1.07   1.00
   1.26   1.14
   4.26   2.26
   3.76   1.59
   2.55   0.68
20241203.140000
   0.41   1.24
   1.26   1.65
   1.51   1.86
   4.42   2.52
   4.14   1.94
   3.22   1.29
20241203.150000
   0.83   1.51
   1.53   1.86
   1.75   2.14
   4.81   2.91
   4.78   2.29
   3.74   1.63
20241203.160000
   1.21   1.87
   1.84   2.39
   1.82   2.49
   5.29   3.28
   5.27   2.56
   4.14   1.86
20241203.170000
   1.60   2.18
   2.13   2.51
   1.89   2.29
   5.54   3.61
   5.51   2.72
   4.30   1.92
20241203.180000
   1.95   2.43
   2.59   2.90
   2.42   2.87
   6.11   4.08
   6.13   3.17
   4.86   2.35
20241203.190000
   1.63   2.13
   1.83   2.47
   1.53   2.09
   5.93   4.14
   5.78   2.83
   4.54   1.86
20241203.200000
   0.94   1.65
   1.35   1.75
   1.17   1.66
   5.97   4.05
   6.14   2.99
   5.16   2.32
20241203.210000
   0.34   1.10
   1.07   1.52
   0.96   1.45
   6.64   4.48
   6.38   3.31
   4.96   2.22
20241203.220000
   0.12   0.84
   1.09   1.10
   0.93   1.02
   6.49   4.17
   6.31   3.02
   4.76   1.86
20241203.230000
  -0.43   0.31
   0.70   0.54
   0.82   0.69
   6.43   3.86
   6.14   2.83
   4.48   1.57
20241204.000000
  -0.49   0.15
   0.64   0.10
   0.66   0.27
   6.83   3.75
   6.20   2.63
   3.97   0.94
20241204.010000
  -0.35   0.21
   0.80   0.43
   0.79   0.60
   6.60   3.26
   5.75   2.39
   3.41   0.52
20241204.020000
  -0.13   0.38
   0.80   0.21
   0.62   0.00
   5.35   2.22
   4.62   1.56
   2.97   0.22
20241204.030000
   0.22   0.39
   1.09  -0.10
   0.69  -0.36
   5.70   2.49
   5.31   2.15
   3.62   0.81
20241204.040000
   0.01   0.25
   0.88  -0.00
   0.67  -0.10
   6.15   2.72
   5.34   1.99
   3.21   0.36
20241204.050000
   0.00   0.21
   0.95  -0.11
   0.84  -0.18
   5.56   2.34
   4.82   1.78
   2.92   0.33
20241204.060000
  -0.17   0.13
   0.95  -0.12
   1.01  -0.07
   5.46   2.32
   4.66   1.81
   2.74   0.38
20241204.070000
  -0.33   0.08
   0.88  -0.12
   0.97  -0.06
   5.30   2.31
   4.33   1.70
   2.41   0.25
20241204.080000
  -0.29   0.11
   0.89  -0.12
   0.88  -0.14
   4.92   2.07
   3.90   1.52
   2.14   0.17
20241204.090000
  -0.19   0.21
   0.87  -0.08
   0.74  -0.19
   4.62   1.91
   3.78   1.47
   2.22   0.28
20241204.100000
   0.24   0.34
   1.18  -0.17
   0.93  -0.25
   5.05   2.17
   4.15   1.51
   2.40   0.23
20241204.110000
   0.45   0.59
   1.38   0.31
   1.15   0.08
   5.01   1.98
   3.91   1.38
   2.07  -0.05
20241204.120000
   0.14   0.30
   1.01   0.27
   0.85   0.28
   4.51   1.75
   3.77   1.23
   2.38   0.19
20241204.130000
   0.34   0.77
   1.31   1.09
   1.31   1.24
   4.79   2.40
   4.27   1.64
   3.02   0.74
20241204.140000
   0.50   0.96
   1.45   1.40
   1.59   1.65
   5.23   2.92
   5.02   2.06
   3.87   1.31
20241204.150000
   1.02   1.26
   1.76   1.61
   1.67   1.74
   5.67   3.32
   5.66   2.50
   4.41   1.70
20241204.160000
   1.46   1.61
   2.15   2.19
   2.00   2.34
   5.70   3.50
   5.73   2.70
   4.45   1.92
20241204.170000
   1.94   2.13
   2.64   2.52
   2.32   2.48
   5.84   4.00
   5.72   2.95
   4.51   2.07
20241204.180000
   2.04   2.29
   2.68   2.55
   2.12   2.27
   5.86   4.23
   5.91   3.05
   4.87   2.25
20241204.190000
   1.98   2.03
   2.69   2.55
   2.20   2.27
   6.16   4.69
   6.21   3.34
   5.01   2.29
20241204.200000
   1.06   1.47
   1.99   2.15
   1.73   2.15
   6.67   5.11
   6.83   3.80
   5.52   2.63
20241204.210000
   0.90   1.26
   1.53   1.63
   1.19   1.56
   6.68   4.62
   6.64   3.24
   5.31   2.20
20241204.220000
   0.57   0.86
   1.19   1.16
   0.88   1.11
   6.28   4.16
   6.20   2.88
   4.80   1.77
20241204.230000
  -0.17   0.45
   0.91   0.64
   0.82   0.74
   6.06   3.78
   5.87   2.71
   4.18   1.35
20241205.000000
   0.03   0.41
   1.20   0.52
   1.00   0.59
   6.31   3.57
   5.66   2.35
   3.64   0.72
20241205.010000
  -0.01   0.45
   1.16   0.47
   1.01   0.51
   6.02   3.07
   5.20   2.01
   3.33   0.50
20241205.020000
  -0.16   0.46
   0.95   0.38
   0.78   0.40
   5.96   2.89
   5.19   2.02
   3.28   0.45
20241205.030000
  -0.07   0.25
   0.88   0.07
   0.65  -0.08
   5.83   2.62
   5.11   1.89
   3.26   0.38
20241205.040000
   0.04   0.31
   0.94   0.01
   0.56  -0.24
   5.83   2.60
   5.08   1.89
   3.17   0.40
20241205.050000
   0.24   0.35
   1.17   0.06
   0.76  -0.18
   5.85   2.52
   5.04   1.82
   3.12   0.34
20241205.060000
   0.02   0.36
   1.13   0.12
   0.97   0.03
   5.84   2.58
   5.10   1.91
   3.30   0.50
20241205.070000
  -0.13   0.27
   0.97  -0.04
   0.92  -0.07
   5.73   2.46
   5.04   1.82
   3.33   0.53
20241205.080000
  -0.03   0.39
   1.07   0.02
   0.94  -0.10
   5.48   2.42
   4.77   1.70
   3.15   0.48
20241205.090000
  -0.08   0.37
   1.07  -0.11
   0.90  -0.25
   5.22   2.38
   4.57   1.64
   3.06   0.49
20241205.100000
  -0.40   0.27
   0.78  -0.11
   0.71  -0.12
   5.57   2.58
   5.03   1.78
   3.18   0.53
20241205.110000
   0.03   0.27
   1.00  -0.06
   0.57  -0.29
   5.06   2.20
   4.32   1.34
   2.45   0.11
20241205.120000
   0.13   0.44
   1.29   0.46
   0.84   0.08
   4.32   1.81
   3.47   0.95
   2.13  -0.04
20241205.130000
   0.79   1.10
   1.79   1.56
   1.49   1.44
   4.07   1.94
   3.52   1.18
   2.39   0.41
20241205.140000
   1.22   1.42
   1.93   1.80
   1.61   1.68
   4.33   2.26
   3.98   1.44
   2.82   0.71
20241205.150000
   1.51   1.76
   2.19   2.17
   1.96   2.13
   5.01   2.81
   4.74   1.95
   3.51   1.20
20241205.160000
   1.77   2.06
   2.44   2.51
   2.25   2.50
   5.54   3.35
   5.48   2.43
   4.28   1.72
20241205.170000
   1.96   2.37
   2.65   2.69
   2.23   2.47
   6.11   4.28
   6.09   2.98
   4.90   2.06
20241205.180000
   1.63   2.09
   2.48   2.58
   2.27   2.51
   6.62   4.91
   6.69   3.51
   5.35   2.41
20241205.190000
   1.27   1.92
   2.15   2.45
   2.05   2.46
   6.94   5.25
   7.00   3.78
   5.79   2.70
20241205.200000
   0.90   1.62
   1.89   2.21
   1.78   2.20
   7.17   5.42
   7.20   3.83
   5.87   2.67
20241205.210000
   0.45   1.36
   1.55   1.90
   1.68   2.06
   7.34   5.50
   7.23   3.85
   5.88   2.58
20241205.220000
  -0.09   0.97
   1.09   1.41
   1.38   1.72
   6.82   4.77
   6.81   3.35
   5.48   2.24
20241205.230000
  -0.12   0.80
   0.94   1.06
   1.04   1.22
   6.69   4.23
   6.30   2.94
   4.75   1.65
20241206.000000
  -0.82   0.24
   0.41   0.38
   0.59   0.58
   6.42   3.73
   5.89   2.60
   4.11   1.14
20241206.010000
  -0.50   0.36
   0.77   0.52
   0.81   0.60
   6.38   3.45
   5.68   2.40
   3.76   0.95
20241206.020000
  -0.57   0.32
   0.71   0.40
   0.81   0.53
   5.93   2.93
   5.05   1.94
   3.20   0.44
20241206.030000
  -0.43   0.46
   0.86   0.42
   0.95   0.45
   5.63   2.68
   4.87   1.81
   3.14   0.40
20241206.040000
  -0.38   0.40
   0.80   0.24
   0.78   0.15
   5.56   2.59
   4.91   1.80
   3.20   0.42
20241206.050000
  -0.63   0.26
   0.46   0.06
   0.45  -0.07
   5.39   2.52
   4.89   1.84
   3.28   0.51
20241206.060000
  -0.84   0.12
   0.26  -0.21
   0.26  -0.32
   5.24   2.56
   4.82   1.83
   3.20   0.51
20241206.070000
  -0.84   0.01
   0.26  -0.31
   0.24  -0.43
   5.21   2.56
   4.84   1.85
   3.21   0.52
20241206.080000
  -0.45   0.28
   0.53  -0.18
   0.35  -0.39
   5.07   2.41
   4.76   1.63
   3.15   0.43
20241206.090000
  -0.11   0.46
   0.79  -0.09
   0.52  -0.50
   4.82   2.20
   4.60   1.55
   3.08   0.38
20241206.100000
  -0.16   0.66
   0.97  -0.08
   0.74  -0.17
   4.82   2.30
   4.38   1.63
   2.74   0.51
20241206.110000
   0.28   0.52
   1.29  -0.05
   0.95  -0.27
   4.31   1.79
   3.76   1.14
   2.25   0.19
20241206.120000
   0.26   0.69
   1.38   0.65
   0.96   0.26
   3.63   1.56
   3.07   0.90
   1.87  -0.03
20241206.130000
   0.60   1.21
   1.60   1.50
   1.44   1.42
   3.39   1.64
   3.00   1.23
   1.89   0.44
20241206.140000
   1.04   1.56
   1.81   1.74
   1.71   1.72
   3.46   1.77
   3.26   1.38
   2.26   0.67
20241206.150000
   1.43   2.00
   2.05   2.14
   1.91   2.12
   3.83   2.15
   3.89   1.73
   2.90   1.07
20241206.160000
   1.78   2.21
   2.35   2.41
   2.05   2.35
   4.51   2.62
   4.64   2.17
   3.61   1.53
20241206.170000
   1.96   2.43
   2.64   2.69
   2.33   2.62
   4.96   2.93
   5.09   2.37
   3.95   1.68
20241206.180000
   2.32   2.82
   3.00   2.96
   2.64   2.80
   5.38   3.51
   5.48   2.79
   4.18   1.93
20241206.190000
   2.00   2.53
   2.75   2.67
   2.48   2.51
   5.72   4.01
   5.73   3.10
   4.41   2.04
20241206.200000
   1.30   2.16
   2.25   2.47
   2.20   2.45
   5.83   4.36
   5.77   3.22
   4.52   2.18
20241206.210000
   0.72   1.93
   1.73   2.17
   1.75   2.11
   5.71   4.28
   5.68   3.03
   4.41   1.95
20241206.220000
   0.37   1.41
   1.41   1.70
   1.55   1.76
   5.44   3.73
   5.55   2.68
   4.30   1.72
20241206.230000
  -0.38   0.87
   0.72   1.00
   0.96   1.15
   5.55   3.68
   5.45   2.63
   3.96   1.44
20241207.000000
  -1.00   0.31
   0.20   0.39
   0.45   0.51
   5.81   3.46
   5.44   2.54
   3.79   1.24
20241207.010000
  -0.89   0.18
   0.37   0.25
   0.48   0.42
   5.52   3.00
   5.06   2.19
   3.34   0.82
20241207.020000
  -0.47   0.28
   0.71   0.25
   0.72   0.34
   5.24   2.66
   4.72   1.84
   3.10   0.46
20241207.030000
  -0.36   0.35
   0.82   0.27
   0.84   0.35
   5.53   2.72
   4.97   1.93
   3.32   0.59
20241207.040000
  -0.36   0.22
   0.82   0.15
   0.80   0.25
   5.87   2.77
   5.16   1.94
   3.32   0.50
20241207.050000
  -0.64   0.15
   0.66   0.10
   0.76   0.25
   5.69   2.60
   4.94   1.75
   3.07   0.28
20241207.060000
  -0.77   0.03
   0.51  -0.17
   0.66  -0.09
   5.48   2.39
   4.81   1.65
   2.94   0.25
20241207.070000
  -0.47   0.31
   0.82   0.06
   0.89  -0.02
   5.12   2.20
   4.34   1.42
   2.53   0.03
20241207.080000
  -0.41   0.44
   0.91   0.19
   0.86  -0.14
   4.69   1.97
   3.87   1.28
   2.23  -0.02
20241207.090000
  -0.41   0.49
   0.84   0.19
   0.73  -0.19
   4.36   1.79
   3.61   1.28
   2.14   0.13
20241207.100000
  -1.09  -0.09
   0.15  -0.06
   0.45   0.08
   3.78   1.76
   3.17   1.24
   1.92   0.28
20241207.110000
  -0.38   0.00
   0.87   0.11
   0.73   0.04
   3.66   1.45
   2.83   0.84
   1.48  -0.11
20241207.120000
  -0.10   0.45
   1.29   0.69
   1.23   0.66
   3.22   1.35
   2.67   1.05
   1.33   0.06
20241207.130000
   0.45   0.80
   1.40   1.29
   1.37   1.40
   3.17   1.58
   2.72   1.08
   1.77   0.47
20241207.140000
   0.96   1.19
   1.62   1.53
   1.44   1.62
   3.49   1.98
   3.30   1.43
   2.45   0.89
20241207.150000
   1.61   1.60
   2.19   2.11
   1.92   2.15
   4.00   2.26
   3.92   1.74
   2.97   1.24
20241207.160000
   2.08   2.03
   2.68   2.50
   2.39   2.57
   4.28   2.59
   4.40   2.08
   3.42   1.62
20241207.170000
   2.26   2.33
   2.87   2.68
   2.50   2.59
   4.92   3.22
   5.01   2.51
   3.92   1.90
20241207.180000
   2.42   2.64
   2.99   2.91
   2.42   2.64
   5.24   3.62
   5.11   2.65
   3.83   1.74
20241207.190000
   2.15   2.79
   2.84   3.01
   2.35   2.58
   5.30   3.66
   5.34   2.63
   4.50   2.19
20241207.200000
   1.56   1.98
   2.43   2.23
   2.27   2.14
   5.71   3.82
   5.69   2.91
   4.48   2.10
20241207.210000
   0.72   1.34
   1.60   1.51
   1.50   1.54
   6.10   3.96
   6.04   2.92
   4.63   1.90
20241207.220000
  -0.24   0.88
   0.57   0.90
   0.72   0.93
   6.18   3.92
   6.26   2.87
   4.91   1.90
20241207.230000
  -0.53   0.28
   0.55   0.69
   0.69   0.97
   6.53   3.95
   6.09   2.83
   4.22   1.39
20241208.000000
  -0.84   0.30
   0.27   0.50
   0.31   0.62
   6.01   3.32
   5.50   2.38
   3.81   1.08
20241208.010000
  -1.07   0.09
   0.04   0.42
   0.14   0.59
   6.09   3.16
   5.50   2.33
   3.79   0.99
20241208.020000
  -1.23  -0.45
  -0.09  -0.46
   0.18  -0.10
   6.13   2.93
   5.43   2.19
   3.47   0.70
20241208.030000
  -0.51   0.14
   0.66   0.23
   0.42   0.24
   6.07   2.97
   5.44   2.02
   3.43   0.50
20241208.040000
  -1.02  -0.28
   0.20  -0.20
   0.30   0.06
   6.39   2.90
   5.51   2.28
   3.18   0.43
20241208.050000
  -0.67  -0.28
   0.43  -0.10
   0.43   0.18
   6.18   2.77
   5.25   1.90
   3.16   0.30
20241208.060000
  -0.55  -0.45
   0.54  -0.27
   0.54   0.09
   5.78   2.33
   4.64   1.65
   2.58   0.03
20241208.070000
  -0.21   0.06
   1.08  -0.25
   0.91  -0.20
   5.83   2.41
   4.62   1.58
   2.47  -0.01
20241208.080000
  -0.43  -0.55
   0.69  -0.65
   0.70  -0.39
   5.26   2.06
   4.52   1.54
   2.90   0.39
20241208.090000
   0.04  -0.33
   0.78  -0.94
   0.20  -0.87
   5.28   1.98
   4.04   1.08
   2.20  -0.02
20241208.100000
  -0.11   0.17
   0.79  -0.26
   0.26  -0.53
   5.74   2.35
   4.64   1.58
   2.43   0.07
20241208.110000
   0.23   0.12
   1.29  -0.28
   0.84  -0.39
   5.47   2.18
   4.64   1.60
   2.79   0.37
20241208.120000
   0.17   0.13
   1.25   0.15
   0.78  -0.06
   5.49   2.36
   4.37   1.49
   2.65   0.29
20241208.130000
   0.53   0.66
   1.19   1.08
   0.55   0.81
   5.21   2.42
   4.57   1.67
   3.11   0.64
20241208.140000
   0.37   0.62
   1.19   1.28
   0.99   1.43
   5.66   3.04
   5.15   2.19
   3.74   1.25
20241208.150000
   0.67   0.40
   1.45   1.43
   1.33   1.76
   5.87   3.14
   5.64   2.52
   4.30   1.69
20241208.160000
   1.83   1.58
   2.42   2.26
   1.87   2.24
   6.11   3.70
   6.20   2.66
   4.70   1.71
20241208.170000
   1.70   1.79
   2.31   2.10
   1.90   2.11
   6.46   4.23
   6.27   2.65
   4.94   1.89
20241208.180000
   1.15   1.55
   1.92   2.02
   1.55   1.97
   6.45   4.07
   6.21   2.67
   4.90   1.80
20241208.190000
   1.17   1.44
   2.17   1.67
   2.04   1.65
   7.08   4.31
   6.78   3.14
   5.17   2.09
20241208.200000
   0.75   1.16
   1.77   1.51
   1.83   1.77
   7.61   4.70
   7.21   3.26
   5.53   2.08
20241208.210000
   0.69   1.12
   1.50   1.39
   1.13   1.32
   7.07   4.31
   6.62   2.84
   5.08   1.67
20241208.220000
   0.39   0.70
   1.33   1.06
   1.28   1.24
   6.87   4.01
   6.55   2.83
   4.82   1.52
20241208.230000
   0.16   0.53
   1.20   0.81
   1.17   0.98
   6.77   3.82
   6.36   2.67
   4.56   1.31
20241209.000000
  -0.06   0.32
   1.01   0.55
   0.89   0.70
   6.86   3.64
   6.16   2.55
   4.22   1.02
20241209.010000
  -0.20   0.32
   0.88   0.48
   0.66   0.44
   6.12   3.02
   5.33   1.98
   3.56   0.69
20241209.020000
  -0.10   0.45
   0.99   0.51
   0.78   0.53
   5.65   2.60
   4.88   1.77
   3.22   0.41
20241209.030000
   0.09   0.58
   1.06   0.50
   0.75   0.35
   5.56   2.47
   4.72   1.64
   3.13   0.36
20241209.040000
  -0.20   0.37
   0.85   0.21
   0.75   0.11
   5.65   2.51
   4.87   1.78
   3.20   0.43
20241209.050000
  -0.57   0.16
   0.65  -0.03
   0.80   0.03
   5.67   2.62
   4.97   1.90
   3.28   0.56
20241209.060000
  -0.51   0.13
   0.74   0.09
   0.79   0.10
   5.62   2.62
   4.95   1.84
   3.18   0.42
20241209.070000
  -0.40   0.15
   0.73   0.05
   0.58  -0.04
   5.57   2.54
   4.81   1.77
   3.01   0.37
20241209.080000
  -0.41  -0.00
   0.65  -0.04
   0.45  -0.18
   5.18   2.17
   4.49   1.58
   2.85   0.28
20241209.090000
  -0.21   0.31
   0.63  -0.16
   0.23  -0.43
   4.71   1.93
   4.17   1.37
   2.82   0.31
20241209.100000
  -0.43  -0.09
   0.52  -0.44
   0.22  -0.48
   5.32   2.41
   4.75   1.68
   3.29   0.59
20241209.110000
  -0.28  -0.30
   0.82  -0.34
   0.58  -0.39
   5.00   2.08
   4.40   1.42
   2.92   0.31
20241209.120000
   0.77   0.86
   1.67   0.85
   1.02   0.39
   4.34   1.64
   3.69   0.91
   2.51   0.15
20241209.130000
   0.85   1.04
   1.60   1.32
   1.43   1.24
   4.63   2.21
   4.14   1.62
   2.91   0.73
20241209.140000
   0.69   1.13
   1.54   1.88
   1.52   2.05
   4.85   2.53
   4.38   1.95
   3.31   1.21
20241209.150000
   1.24   1.49
   1.71   2.06
   1.48   2.16
   5.12   2.93
   4.88   2.26
   3.79   1.52
20241209.160000
   1.81   1.86
   2.18   2.20
   1.69   2.20
   5.71   3.50
   5.67   2.63
   4.47   1.78
20241209.170000
   2.26   2.43
   2.48   2.43
   1.91   2.27
   5.95   3.82
   6.11   2.69
   5.11   2.07
20241209.180000
   2.58   2.53
   3.21   3.02
   2.71   2.84
   6.01   4.14
   6.23   3.01
   5.17   2.23
20241209.190000
   1.60   2.14
   2.25   1.98
   1.94   2.02
   6.85   4.64
   7.01   3.20
   5.93   2.52
20241209.200000
   1.83   1.88
   2.57   2.03
   2.08   1.82
   6.88   4.71
   6.58   2.99
   5.23   1.86
20241209.210000
   0.30   0.92
   1.24   1.19
   1.40   1.40
   6.78   4.19
   6.62   2.97
   5.54   2.09
20241209.220000
  -0.02   0.99
   0.78   0.95
   1.10   1.26
   5.61   3.49
   5.90   2.53
   5.11   1.91
20241209.230000
   0.37   0.86
   1.25   1.07
   1.14   1.13
   6.26   3.83
   5.87   2.63
   4.24   1.38
20241210.000000
  -0.55   0.37
   0.56   0.52
   0.76   0.69
   6.11   3.40
   5.47   2.29
   3.76   1.01
20241210.010000
  -0.90   0.27
   0.43   0.49
   0.79   0.69
   5.86   3.16
   5.02   2.06
   3.18   0.68
20241210.020000
  -0.91   0.10
   0.32   0.27
   0.56   0.48
   4.82   2.33
   4.33   1.65
   3.09   0.61
20241210.030000
  -0.37   0.63
   0.82   0.41
   0.77   0.24
   4.95   2.42
   4.22   1.70
   2.69   0.37
20241210.040000
  -0.37   0.45
   1.03   0.35
   1.13   0.31
   5.29   2.51
   4.70   1.93
   3.09   0.63
20241210.050000
  -0.69   0.23
   0.65   0.17
   0.80   0.20
   5.10   2.35
   4.53   1.78
   3.01   0.56
20241210.060000
  -0.43   0.32
   0.80   0.24
   0.83   0.17
   4.85   2.19
   4.24   1.69
   2.69   0.41
20241210.070000
  -0.44   0.23
   0.85   0.16
   0.87   0.11
   4.44   2.02
   3.95   1.59
   2.60   0.48
20241210.080000
  -0.30   0.39
   0.77   0.27
   0.65   0.07
   4.07   1.85
   3.62   1.44
   2.35   0.41
20241210.090000
  -0.29   0.20
   0.80  -0.10
   0.65  -0.23
   3.86   1.72
   3.23   1.28
   2.04   0.28
20241210.100000
  -0.94  -0.18
   0.12  -0.19
   0.08  -0.12
   4.42   2.19
   4.05   1.60
   2.74   0.63
20241210.110000
  -0.61  -0.20
   0.53  -0.29
   0.37  -0.35
   4.63   2.17
   4.14   1.51
   2.42   0.19
20241210.120000
  -0.15   0.30
   1.00   0.46
   0.66   0.28
   4.55   2.30
   4.00   1.44
   2.49   0.29
20241210.130000
   0.33   0.92
   1.33   1.44
   1.31   1.52
   4.32   2.29
   3.93   1.39
   2.77   0.55
20241210.140000
   0.93   1.23
   1.72   1.66
   1.75   1.95
   4.57   2.57
   4.25   1.68
   3.17   0.96
20241210.150000
   1.32   1.73
   1.94   2.09
   1.80   2.30
   4.78   2.85
   4.46   1.83
   3.47   1.22
20241210.160000
   1.65   2.00
   2.22   2.37
   1.91   2.37
   5.08   3.09
   4.91   2.17
   3.94   1.57
20241210.170000
   1.61   2.26
   2.26   2.49
   2.02   2.30
   5.25   3.77
   5.33   2.54
   4.50   1.90
20241210.180000
   1.35   2.06
   2.06   1.85
   2.12   2.05
   5.46   3.94
   6.09   2.83
   5.31   2.24
20241210.190000
   1.79   2.50
   2.49   2.24
   2.08   1.99
   5.75   4.35
   5.78   2.66
   5.02   1.94
20241210.200000
   0.85   1.73
   1.96   2.01
   2.27   2.21
   6.36   4.75
   6.46   3.24
   5.39   2.38
20241210.210000
   0.50   1.35
   1.28   1.35
   1.38   1.42
   6.78   4.99
   6.85   3.22
   5.65   2.22
20241210.220000
  -0.11   0.99
   0.66   1.35
   0.61   1.23
   6.03   4.12
   5.83   2.66
   4.64   1.55
20241210.230000
  -0.46   0.63
   0.52   0.78
   0.79   0.97
   6.25   3.88
   6.18   2.85
   4.92   1.90
20241211.000000
  -0.81   0.18
   0.29   0.32
   0.73   0.66
   6.30   3.60
   5.87   2.58
   4.06   1.15
20241211.010000
  -0.71   0.28
   0.50   0.27
   0.78   0.50
   5.93   3.16
   5.47   2.24
   3.71   0.91
20241211.020000
  -0.67   0.21
   0.46   0.15
   0.55   0.27
   5.71   2.99
   5.16   2.12
   3.35   0.73
20241211.030000
  -0.64   0.29
   0.66   0.35
   0.78   0.46
   5.55   2.79
   4.90   1.94
   3.05   0.46
20241211.040000
  -0.40   0.46
   0.79   0.12
   0.73  -0.03
   5.09   2.37
   4.53   1.67
   2.87   0.44
20241211.050000
  -0.21   0.52
   0.83   0.18
   0.65  -0.06
   4.67   2.09
   4.13   1.53
   2.56   0.30
20241211.060000
  -0.41   0.33
   0.61  -0.15
   0.45  -0.20
   4.50   2.01
   3.97   1.54
   2.42   0.45
20241211.070000
  -0.45   0.29
   0.70  -0.01
   0.65  -0.11
   4.44   1.99
   3.94   1.59
   2.45   0.46
20241211.080000
  -0.40   0.25
   0.80   0.05
   0.74  -0.04
   4.43   1.96
   3.98   1.61
   2.47   0.47
20241211.090000
  -0.51   0.17
   0.68   0.09
   0.66   0.04
   4.30   1.91
   3.89   1.52
   2.45   0.41
20241211.100000
  -0.14   0.39
   1.04   0.12
   0.83  -0.09
   3.85   1.71
   3.32   1.42
   1.79   0.32
20241211.110000
  -1.03  -0.13
   0.29  -0.22
   0.39  -0.12
   4.01   1.93
   3.47   1.47
   2.16   0.52
20241211.120000
  -1.05   0.05
   0.20   0.30
   0.37   0.39
   4.04   2.04
   3.45   1.42
   2.06   0.32
20241211.130000
  -0.49   0.65
   0.51   0.97
   0.81   1.18
   4.28   2.31
   3.76   1.65
   2.59   0.74
20241211.140000
  -0.06   0.97
   0.83   1.47
   1.09   1.79
   4.87   2.89
   4.55   2.21
   3.48   1.37
20241211.150000
   0.28   1.18
   0.95   1.47
   1.11   1.83
   5.31   3.24
   5.03   2.41
   3.98   1.70
20241211.160000
   0.66   1.66
   1.28   1.81
   1.27   2.06
   5.86   3.87
   5.51   2.83
   4.23   1.99
20241211.170000
   1.21   2.19
   1.75   2.40
   1.41   2.24
   5.88   3.96
   5.69   2.84
   4.57   2.03
20241211.180000
   0.98   2.13
   1.82   2.32
   1.79   2.34
   6.07   3.95
   5.81   2.87
   4.66   2.07
20241211.190000
   1.18   1.98
   1.87   2.06
   1.90   1.95
   6.37   4.42
   6.05   2.93
   4.76   1.92
20241211.200000
   0.68   1.84
   1.36   1.70
   1.31   1.63
   6.62   4.63
   6.76   3.50
   5.69   2.63
20241211.210000
   0.73   1.33
   1.53   1.68
   1.44   1.71
   7.04   4.72
   6.56   3.18
   4.91   1.88
20241211.220000
  -0.74   0.48
   0.30   0.87
   0.81   1.20
   6.79   4.15
   6.65   3.09
   5.04   1.89
20241211.230000
  -1.47   0.20
  -0.46   0.39
  -0.02   0.65
   6.74   3.90
   6.49   2.83
   4.74   1.50
20241212.000000
  -1.52  -0.19
  -0.34  -0.10
  -0.03   0.19
   7.00   3.75
   6.51   2.77
   4.28   1.06
20241212.010000
  -1.46  -0.21
  -0.36  -0.19
  -0.09   0.08
   6.38   3.16
   5.85   2.27
   3.79   0.65
20241212.020000
  -0.82   0.10
   0.26  -0.05
   0.24  -0.06
   6.18   3.06
   5.63   2.16
   3.52   0.53
20241212.030000
  -0.69   0.07
   0.49  -0.03
   0.43  -0.03
   6.23   3.01
   5.56   2.16
   3.34   0.46
20241212.040000
  -0.69   0.01
   0.50  -0.23
   0.48  -0.20
   5.97   2.69
   5.29   2.02
   3.25   0.49
20241212.050000
  -0.67   0.05
   0.57  -0.18
   0.56  -0.17
   5.82   2.61
   5.01   1.94
   3.00   0.38
20241212.060000
  -0.49  -0.01
   0.63  -0.29
   0.59  -0.28
   5.48   2.28
   4.67   1.68
   2.79   0.25
20241212.070000
  -0.18   0.03
   0.92  -0.28
   0.79  -0.32
   5.03   2.03
   4.28   1.53
   2.54   0.19
20241212.080000
   0.00   0.09
   1.22  -0.21
   1.04  -0.30
   4.88   1.98
   4.09   1.49
   2.37   0.19
20241212.090000
   0.17   0.16
   1.35  -0.09
   1.17  -0.19
   4.86   1.99
   4.04   1.52
   2.28   0.19
20241212.100000
   0.71   0.08
   1.79  -0.19
   1.32  -0.38
   5.49   2.35
   4.42   1.77
   2.37   0.36
20241212.110000
   0.61   0.33
   1.92   0.60
   1.90   0.64
   4.89   1.95
   3.74   1.43
   1.91   0.01
20241212.120000
   1.22   0.94
   2.11   1.10
   1.66   0.83
   3.75   1.21
   2.69   0.88
   1.40  -0.05
20241212.130000
   1.53   1.47
   2.12   1.39
   1.68   1.00
   2.99   1.09
   2.26   0.81
   1.22   0.02
20241212.140000
   1.81   1.88
   2.38   2.04
   2.03   1.69
   2.94   1.45
   2.60   1.21
   1.80   0.55
20241212.150000
   2.08   2.10
   2.69   2.47
   2.27   2.26
   3.33   1.90
   3.31   1.52
   2.56   1.02
20241212.160000
   1.99   2.56
   2.54   2.80
   2.20   2.41
   3.69   2.19
   3.76   1.75
   2.98   1.29
20241212.170000
   1.78   2.55
   2.34   2.69
   2.34   2.60
   4.33   2.74
   4.20   2.09
   3.12   1.37
20241212.180000
   1.32   1.90
   1.97   1.96
   2.05   2.02
   5.12   3.50
   5.09   2.55
   3.96   1.81
20241212.190000
   1.55   2.60
   2.03   2.51
   1.57   1.98
   5.05   3.74
   5.08   2.76
   4.24   1.92
20241212.200000
   1.78   2.22
   2.18   2.21
   1.57   1.73
   5.60   4.00
   5.49   2.88
   4.34   1.87
20241212.210000
   0.55   1.25
   1.42   1.42
   1.39   1.39
   6.09   4.26
   6.06   3.05
   4.88   2.06
20241212.220000
   0.05   1.06
   1.02   1.05
   1.13   1.09
   6.30   4.12
   6.21   2.65
   4.99   1.84
20241212.230000
  -0.81   0.52
   0.49   0.82
   0.83   1.04
   6.48   4.11
   6.02   2.76
   4.47   1.57
20241213.000000
  -1.34  -0.07
   0.01  -0.03
   0.47   0.26
   6.53   3.72
   6.04   2.54
   4.21   1.18
20241213.010000
  -1.34  -0.03
  -0.05  -0.21
   0.28   0.02
   6.09   3.38
   5.48   2.32
   3.60   0.84
20241213.020000
  -1.28  -0.23
  -0.07  -0.89
   0.21  -0.55
   5.88   2.98
   5.09   1.83
   3.03   0.42
20241213.030000
  -1.05  -0.00
   0.17  -0.94
   0.41  -0.55
   5.38   2.58
   4.41   1.52
   2.39   0.23
20241213.040000
  -0.69   0.04
   0.62  -0.95
   0.64  -0.69
   4.87   2.17
   4.00   1.35
   2.12   0.12
20241213.050000
  -0.68  -0.11
   0.57  -1.09
   0.55  -0.84
   4.41   1.87
   3.85   1.23
   2.28   0.17
20241213.060000
  -0.51  -0.19
   0.65  -1.13
   0.55  -0.82
   4.20   1.79
   3.70   1.12
   2.24   0.18
20241213.070000
  -0.48  -0.09
   0.77  -0.90
   0.82  -0.52
   4.25   1.92
   3.77   1.31
   2.21   0.30
20241213.080000
  -0.16   0.13
   1.09  -0.49
   1.03  -0.45
   4.28   1.97
   3.72   1.28
   2.19   0.14
20241213.090000
  -0.29   0.00
   1.02  -0.39
   1.17  -0.23
   4.53   2.03
   3.98   1.47
   2.32   0.25
20241213.100000
  -0.58  -0.38
   0.78  -0.39
   1.09  -0.08
   4.21   2.00
   3.58   1.49
   1.98   0.12
20241213.110000
   0.14   0.23
   1.26  -0.04
   1.30   0.11
   4.24   1.95
   3.80   1.32
   2.46   0.25
20241213.120000
   0.27   0.39
   1.14   0.35
   0.98   0.42
   3.71   1.72
   3.14   1.13
   1.70   0.02
20241213.130000
   0.42   1.02
   1.34   1.32
   1.29   1.35
   3.79   1.98
   3.11   1.36
   1.67   0.35
20241213.140000
   0.49   1.34
   1.40   1.77
   1.53   1.92
   4.05   2.32
   3.70   1.77
   2.62   1.07
20241213.150000
   0.82   1.56
   1.73   2.05
   2.03   2.38
   4.42   2.58
   4.46   2.14
   3.41   1.52
20241213.160000
   1.21   1.85
   1.85   2.21
   1.96   2.34
   4.53   2.55
   4.62   2.21
   3.59   1.56
20241213.170000
   1.75   2.27
   2.16   2.49
   1.96   2.41
   4.56   2.62
   4.67   2.16
   3.47   1.38
20241213.180000
   2.07   2.60
   2.34   2.85
   1.99   2.56
   5.21   3.11
   5.21   2.60
   3.97   1.82
20241213.190000
   2.26   2.59
   2.50   2.60
   2.04   2.23
   5.40   3.43
   5.50   2.66
   4.20   1.84
20241213.200000
   1.61   2.21
   2.19   2.39
   1.92   2.19
   5.92   4.15
   5.99   3.20
   4.74   2.26
20241213.210000
   1.40   1.41
   1.95   1.59
   1.72   1.53
   6.13   3.96
   5.94   2.85
   4.50   1.90
20241213.220000
   0.82   1.17
   1.57   1.31
   1.44   1.21
   5.96   3.65
   5.93   2.68
   4.49   1.69
20241213.230000
   0.40   0.88
   1.33   0.89
   1.19   0.80
   6.17   3.56
   5.99   2.61
   4.30   1.37
20241214.000000
  -0.13   0.54
   0.98   0.38
   0.95   0.43
   6.39   3.60
   6.26   2.61
   4.24   1.12
20241214.010000
  -0.82   0.09
   0.26   0.03
   0.37   0.26
   6.35   3.34
   6.05   2.44
   4.00   0.92
20241214.020000
  -0.96  -0.01
   0.34  -0.11
   0.67   0.27
   6.12   3.20
   5.70   2.26
   3.56   0.66
20241214.030000
  -1.05  -0.16
   0.17  -0.37
   0.41  -0.16
   5.67   2.74
   5.04   1.88
   3.02   0.31
20241214.040000
  -0.65   0.08
   0.55  -0.01
   0.63   0.12
   4.87   2.30
   4.28   1.64
   2.53   0.24
20241214.050000
  -0.44   0.01
   0.62  -0.19
   0.55  -0.16
   4.50   1.97
   3.96   1.48
   2.30   0.15
20241214.060000
  -0.25  -0.02
   0.67  -0.32
   0.51  -0.33
   4.23   1.74
   3.73   1.37
   2.13   0.13
20241214.070000
  -0.08  -0.10
   0.85  -0.43
   0.61  -0.49
   3.96   1.58
   3.43   1.22
   1.84   0.01
20241214.080000
   0.24  -0.02
   1.22  -0.38
   0.88  -0.48
   3.93   1.62
   3.35   1.21
   1.75   0.04
20241214.090000
   0.43  -0.02
   1.36  -0.34
   0.90  -0.52
   4.12   1.63
   3.37   1.18
   1.60  -0.02
20241214.100000
   0.21   0.01
   1.12  -0.33
   0.38  -0.70
   4.44   1.84
   3.41   1.19
   1.44  -0.12
20241214.110000
   0.67   0.11
   1.52  -0.28
   0.87  -0.42
   4.69   1.75
   3.72   1.29
   1.95   0.19
20241214.120000
   0.36   0.01
   1.28  -0.01
   0.99  -0.01
   4.89   1.95
   4.12   1.38
   2.52   0.36
20241214.130000
   0.34   0.30
   1.37   0.79
   1.25   0.94
   5.14   2.49
   4.51   1.78
   2.96   0.68
20241214.140000
   0.97   0.76
   1.74   1.21
   1.57   1.39
   4.98   2.57
   4.57   1.80
   3.24   0.92
20241214.150000
   1.84   1.55
   2.34   1.93
   1.92   1.91
   4.69   2.66
   4.56   1.85
   3.48   1.14
20241214.160000
   2.26   2.04
   2.80   2.41
   2.31   2.31
   5.00   2.93
   4.87   2.25
   3.69   1.48
20241214.170000
   2.54   2.47
   3.02   2.93
   2.45   2.67
   5.33   3.51
   5.19   2.60
   4.02   1.74
20241214.180000
   2.19   2.10
   2.55   2.30
   2.14   2.11
   5.50   3.88
   5.31   2.86
   4.18   1.92
20241214.190000
   1.82   1.94
   2.18   2.05
   1.79   1.93
   5.11   3.65
   5.23   2.60
   4.36   1.92
20241214.200000
   1.52   1.83
   2.12   2.12
   1.72   1.98
   5.63   4.26
   5.66   3.05
   4.67   2.14
20241214.210000
   1.20   1.40
   1.83   1.58
   1.50   1.52
   5.77   4.04
   5.75   3.02
   4.70   2.08
20241214.220000
   1.09   1.45
   1.84   1.53
   1.65   1.45
   5.44   3.53
   5.51   2.60
   4.38   1.67
20241214.230000
   0.27   0.79
   1.21   0.83
   1.15   0.91
   6.04   3.84
   5.83   2.70
   4.13   1.40
20241215.000000
  -0.14   0.43
   0.82   0.37
   0.76   0.44
   6.28   3.55
   5.69   2.43
   3.76   0.95
20241215.010000
  -0.40   0.23
   0.74   0.17
   0.69   0.23
   5.99   3.11
   5.20   1.96
   3.23   0.55
20241215.020000
  -0.19   0.25
   0.93   0.07
   0.93   0.16
   5.17   2.40
   4.54   1.63
   2.78   0.37
20241215.030000
   0.04   0.20
   0.91  -0.10
   0.68  -0.20
   4.36   1.96
   3.87   1.33
   2.47   0.16
20241215.040000
   0.31   0.29
   1.10   0.00
   0.66  -0.27
   3.78   1.68
   3.32   1.25
   2.11   0.21
20241215.050000
   0.32   0.29
   1.09  -0.22
   0.66  -0.49
   3.78   1.70
   3.34   1.28
   2.07   0.24
20241215.060000
  -0.06   0.20
   0.94  -0.17
   0.62  -0.37
   4.52   2.15
   3.84   1.56
   2.21   0.33
20241215.070000
  -0.35   0.15
   0.77  -0.13
   0.59  -0.24
   5.19   2.41
   4.45   1.76
   2.58   0.43
20241215.080000
  -0.52   0.12
   0.66  -0.06
   0.69  -0.06
   5.65   2.59
   5.01   1.86
   3.08   0.49
20241215.090000
  -0.46   0.12
   0.62   0.03
   0.71   0.04
   5.72   2.58
   5.22   1.82
   3.31   0.41
20241215.100000
  -1.12  -0.18
  -0.08  -0.28
   0.05  -0.28
   5.65   2.55
   5.22   1.95
   3.32   0.56
20241215.110000
  -0.49   0.30
   0.50   0.05
   0.65   0.03
   4.95   2.19
   4.38   1.62
   2.77   0.40
20241215.120000
  -0.17   0.40
   0.85   0.36
   0.98   0.35
   4.82   2.16
   4.10   1.68
   2.59   0.55
20241215.130000
   0.24   0.89
   0.88   1.13
   0.89   1.13
   4.29   2.14
   3.59   1.45
   2.45   0.64
20241215.140000
   0.36   1.00
   1.12   1.69
   1.15   1.74
   4.09   2.43
   3.36   1.67
   2.34   0.85
20241215.150000
   1.01   1.29
   1.50   1.98
   1.45   2.11
   3.90   2.34
   3.78   1.90
   3.13   1.49
20241215.160000
   1.62   1.84
   1.97   2.27
   1.65   2.16
   3.99   2.41
   4.12   2.08
   3.53   1.68
20241215.170000
   2.22   2.31
   2.48   2.70
   2.09   2.52
   4.07   2.56
   4.24   2.20
   3.57   1.81
20241215.180000
   1.99   2.23
   2.38   2.66
   2.05   2.45
   5.11   3.62
   4.87   2.85
   3.81   2.03
20241215.190000
   2.27   2.41
   2.51   2.83
   2.02   2.57
   5.26   3.64
   5.03   2.94
   3.98   2.13
20241215.200000
   1.52   1.95
   1.82   2.20
   1.59   2.12
   5.62   4.19
   5.46   3.10
   4.52   2.28
20241215.210000
   0.97   1.48
   1.35   1.67
   1.29   1.73
   5.81   4.23
   5.76   3.21
   4.88   2.40
20241215.220000
   1.15   1.35
   1.97   1.92
   1.83   1.80
   5.85   3.96
   5.71   2.70
   4.75   1.89
20241215.230000
  -0.14   0.54
   0.92   0.89
   1.17   1.12
   6.00   3.88
   5.80   2.80
   4.55   1.84
20241216.000000
  -0.19   0.37
   0.68   0.46
   0.78   0.55
   5.63   3.26
   5.34   2.28
   3.94   1.20
20241216.010000
  -0.12   0.44
   0.78   0.49
   0.62   0.47
   5.29   2.93
   4.80   2.02
   3.32   0.89
20241216.020000
  -0.35   0.27
   0.67   0.38
   0.65   0.43
   5.30   2.75
   4.81   2.01
   3.22   0.87
20241216.030000
  -0.50   0.24
   0.59   0.23
   0.58   0.28
   5.26   2.69
   4.71   1.90
   3.09   0.68
20241216.040000
  -0.54   0.16
   0.59   0.21
   0.59   0.28
   4.86   2.31
   4.35   1.67
   2.76   0.45
20241216.050000
  -0.42   0.29
   0.58   0.01
   0.50  -0.08
   4.08   1.73
   3.69   1.27
   2.38   0.25
20241216.060000
  -0.12   0.33
   0.85  -0.03
   0.71  -0.12
   3.67   1.52
   3.31   1.18
   2.16   0.28
20241216.070000
   0.06   0.36
   1.05  -0.01
   0.90  -0.09
   3.79   1.59
   3.37   1.26
   2.09   0.28
20241216.080000
   0.17   0.35
   1.10   0.05
   0.93  -0.03
   3.82   1.59
   3.41   1.27
   2.18   0.34
20241216.090000
   0.11   0.30
   1.01   0.03
   0.84  -0.03
   3.82   1.54
   3.45   1.29
   2.24   0.36
20241216.100000
  -0.29  -0.23
   0.48  -0.08
   0.33   0.05
   3.76   1.62
   3.31   1.29
   1.99   0.15
20241216.110000
   0.25   0.11
   1.24  -0.22
   0.93  -0.34
   3.86   1.84
   3.28   1.24
   1.99   0.20
20241216.120000
   0.75   0.16
   1.82   0.58
   1.38   0.55
   3.92   1.91
   3.50   1.51
   2.37   0.58
20241216.130000
   1.14   0.74
   1.76   1.08
   1.45   1.08
   3.39   1.68
   3.02   1.27
   2.15   0.69
20241216.140000
   2.10   1.70
   2.58   2.12
   2.06   2.00
   3.16   1.85
   2.66   1.22
   1.92   0.80
20241216.150000
   2.23   1.96
   2.79   2.47
   2.34   2.36
   3.71   2.38
   3.45   1.84
   2.50   1.24
20241216.160000
   2.25   1.93
   2.74   2.56
   2.42   2.55
   3.97   2.56
   4.14   2.22
   3.29   1.69
20241216.170000
   2.67   2.29
   2.87   2.78
   2.48   2.72
   3.85   2.89
   4.13   2.27
   3.59   1.90
20241216.180000
   2.73   2.19
   2.90   2.71
   2.51   2.76
   4.29   3.56
   4.50   2.51
   3.88   2.03
20241216.190000
   2.80   2.50
   2.78   2.41
   2.13   1.92
   4.24   3.70
   4.44   2.27
   4.06   1.83
20241216.200000
   2.24   2.44
   2.59   2.50
   2.32   2.28
   4.76   3.97
   4.87   2.81
   4.31   2.28
20241216.210000
   1.25   1.43
   2.13   1.61
   2.10   1.74
   5.65   4.15
   5.70   3.00
   4.75   2.28
20241216.220000
  -0.18   0.83
   0.68   0.98
   0.97   1.25
   6.10   4.28
   5.77   3.03
   4.52   1.97
20241216.230000
  -0.66   0.58
   0.48   0.81
   0.82   1.10
   6.45   4.08
   5.97   2.93
   4.39   1.67
20241217.000000
  -0.73   0.18
   0.13   0.15
   0.14   0.24
   6.56   3.74
   5.97   2.64
   4.20   1.25
20241217.010000
  -0.49   0.20
   0.51   0.26
   0.47   0.33
   6.43   3.46
   5.73   2.35
   3.86   0.95
20241217.020000
  -0.27   0.53
   0.94   0.53
   0.98   0.59
   6.17   3.05
   5.38   2.10
   3.51   0.70
20241217.030000
  -0.14   0.57
   1.01   0.46
   0.98   0.47
   5.44   2.53
   4.52   1.66
   2.87   0.37
20241217.040000
   0.02   0.72
   1.19   0.50
   1.05   0.35
   5.56   2.61
   4.44   1.77
   2.69   0.37
20241217.050000
  -0.40   0.52
   0.77   0.38
   0.80   0.34
   5.20   2.34
   4.34   1.68
   2.79   0.44
20241217.060000
  -0.43   0.43
   0.66   0.30
   0.66   0.24
   4.88   2.27
   4.14   1.57
   2.66   0.33
20241217.070000
  -0.71   0.17
   0.45   0.11
   0.49   0.08
   4.89   2.29
   4.24   1.67
   2.76   0.40
20241217.080000
  -0.57   0.13
   0.55   0.01
   0.62   0.06
   4.84   2.15
   4.39   1.63
   2.97   0.46
20241217.090000
  -0.50   0.08
   0.58  -0.17
   0.56  -0.16
   4.96   2.26
   4.50   1.62
   3.00   0.43
20241217.100000
  -0.37   0.32
   0.82   0.01
   0.81   0.04
   5.56   2.51
   4.92   1.96
   3.19   0.70
20241217.110000
  -0.38   0.14
   0.85   0.02
   0.82  -0.02
   5.53   2.49
   4.81   1.82
   3.29   0.61
20241217.120000
  -0.43   0.32
   0.87   0.40
   0.88   0.36
   5.43   2.56
   4.78   1.84
   3.32   0.68
20241217.130000
  -0.29   0.55
   0.65   1.05
   0.79   1.19
   5.36   2.81
   4.93   2.11
   3.69   1.20
20241217.140000
   0.28   1.05
   0.87   1.60
   1.02   1.87
   5.03   2.71
   4.76   2.09
   3.57   1.30
20241217.150000
   0.91   1.52
   1.34   2.08
   1.33   2.28
   4.57   2.54
   4.22   2.05
   3.29   1.43
20241217.160000
   1.66   1.91
   2.12   2.44
   1.83   2.41
   4.40   2.62
   4.12   2.00
   3.15   1.41
20241217.170000
   2.35   2.43
   2.96   2.95
   2.70   2.96
   4.91   3.23
   4.77   2.47
   3.63   1.80
20241217.180000
   2.27   2.33
   2.82   2.93
   2.56   2.91
   5.44   3.66
   5.40   2.72
   4.25   1.99
20241217.190000
   2.14   2.20
   2.52   2.56
   2.25   2.50
   5.86   4.37
   5.85   3.01
   4.66   2.17
20241217.200000
   1.53   1.88
   2.09   2.22
   1.94   2.28
   5.91   4.38
   5.79   2.88
   4.81   2.09
20241217.210000
   1.25   1.69
   1.97   1.78
   1.71   1.63
   5.60   4.06
   5.47   2.89
   4.67   2.17
20241217.220000
   1.10   2.09
   2.39   2.22
   2.46   2.14
   5.15   3.52
   5.32   2.51
   4.40   1.85
20241217.230000
   0.37   0.97
   1.26   1.15
   1.55   1.37
   5.81   3.65
   5.75   2.81
   4.41   1.86
20241218.000000
  -0.06   0.82
   0.72   0.67
   0.69   0.60
   5.46   3.26
   5.18   2.28
   3.96   1.26
20241218.010000
  -0.33   0.59
   0.82   0.72
   0.94   0.78
   5.82   3.33
   5.54   2.48
   3.77   1.12
20241218.020000
  -0.72   0.35
   0.33   0.47
   0.52   0.62
   5.55   2.94
   4.96   2.00
   3.35   0.79
20241218.030000
  -0.90   0.38
   0.27   0.45
   0.41   0.50
   5.16   2.62
   4.59   1.78
   2.97   0.51
20241218.040000
  -0.97   0.47
   0.16   0.28
   0.34   0.27
   4.81   2.32
   4.39   1.63
   2.95   0.53
20241218.050000
  -1.03   0.24
   0.21   0.08
   0.49   0.10
   4.74   2.28
   4.35   1.74
   2.83   0.52
20241218.060000
  -0.97   0.24
   0.37   0.08
   0.65   0.16
   4.89   2.26
   4.53   1.78
   2.90   0.52
20241218.070000
  -0.98   0.23
   0.27   0.03
   0.50   0.06
   4.83   2.20
   4.43   1.67
   2.95   0.50
20241218.080000
  -0.89   0.29
   0.42  -0.04
   0.60  -0.04
   4.97   2.33
   4.57   1.83
   3.08   0.63
20241218.090000
  -1.09   0.15
   0.24  -0.11
   0.48  -0.02
   5.42   2.51
   4.94   1.99
   3.34   0.76
20241218.100000
  -0.91   0.38
   0.45  -0.01
   0.56  -0.07
   4.83   2.22
   4.27   1.76
   2.82   0.61
20241218.110000
  -0.66   0.34
   0.54   0.15
   0.65   0.14
   5.15   2.40
   4.61   1.84
   3.25   0.79
20241218.120000
  -0.82   0.35
   0.35   0.37
   0.47   0.43
   5.10   2.57
   4.60   1.81
   3.07   0.58
20241218.130000
  -0.67   0.67
   0.35   1.11
   0.69   1.39
   5.14   2.81
   4.66   2.04
   3.27   1.03
20241218.140000
  -0.23   0.93
   0.63   1.51
   0.91   1.82
   5.25   3.03
   4.86   2.22
   3.68   1.40
20241218.150000
   0.17   1.29
   0.99   1.82
   1.05   1.97
   5.39   3.30
   5.17   2.51
   4.17   1.75
20241218.160000
   0.61   1.48
   1.46   2.00
   1.41   2.13
   5.58   3.64
   5.56   2.76
   4.59   2.04
20241218.170000
   1.13   1.95
   1.96   2.16
   1.88   2.06
   6.00   4.02
   5.99   2.99
   4.96   2.18
20241218.180000
   1.46   2.13
   2.51   2.50
   2.76   2.76
   6.55   4.65
   6.51   3.53
   5.31   2.54
20241218.190000
   2.00   2.48
   2.56   2.87
   2.21   2.58
   7.25   5.38
   6.74   3.63
   5.52   2.55
20241218.200000
   1.35   2.08
   2.21   2.57
   2.29   2.63
   6.93   5.33
   6.54   3.71
   5.51   2.77
20241218.210000
   0.26   1.46
   1.03   1.79
   1.21   1.81
   7.80   5.84
   7.66   4.08
   6.39   2.90
20241218.220000
   0.23   1.39
   0.81   1.51
   0.90   1.56
   7.06   5.06
   6.84   3.46
   5.37   2.17
20241218.230000
  -0.50   0.78
   0.31   0.89
   0.55   1.04
   6.10   3.94
   5.95   2.82
   4.64   1.76
20241219.000000
  -0.77   0.45
   0.32   0.56
   0.58   0.71
   6.39   3.85
   5.86   2.65
   4.06   1.18
20241219.010000
  -0.80   0.22
   0.30   0.25
   0.46   0.37
   6.11   3.34
   5.50   2.33
   3.83   1.04
20241219.020000
  -0.87   0.13
   0.50   0.21
   0.76   0.45
   6.17   3.23
   5.52   2.25
   3.60   0.71
20241219.030000
  -0.65   0.25
   0.65   0.13
   0.79   0.18
   5.82   2.76
   5.12   1.93
   3.31   0.44
20241219.040000
  -0.25   0.32
   0.91  -0.13
   0.87  -0.14
   5.60   2.54
   4.91   1.79
   3.16   0.44
20241219.050000
  -0.19   0.38
   1.10  -0.09
   1.06  -0.16
   5.64   2.61
   4.80   1.74
   2.94   0.28
20241219.060000
  -0.39   0.28
   0.97  -0.20
   1.13  -0.19
   5.50   2.37
   4.66   1.56
   2.86   0.18
20241219.070000
  -0.22   0.36
   1.12  -0.25
   1.35  -0.19
   5.36   2.32
   4.59   1.44
   2.93   0.18
20241219.080000
  -0.04   0.47
   1.32  -0.10
   1.55  -0.03
   5.26   2.34
   4.49   1.48
   2.86   0.16
20241219.090000
  -0.04   0.48
   1.30   0.01
   1.49   0.08
   5.14   2.29
   4.36   1.42
   2.84   0.16
20241219.100000
  -0.29   0.40
   0.99  -0.13
   1.19  -0.08
   4.88   2.21
   4.20   1.48
   2.87   0.43
20241219.110000
  -0.73   0.14
   0.51  -0.11
   0.89   0.11
   5.07   2.32
   4.71   1.75
   3.35   0.76
20241219.120000
  -0.92   0.16
   0.23   0.06
   0.43   0.17
   5.01   2.54
   4.57   1.75
   3.22   0.67
20241219.130000
  -0.74   0.46
   0.39   0.89
   0.72   1.18
   5.10   2.79
   4.58   1.97
   3.30   0.98
20241219.140000
  -0.18   1.09
   0.84   1.50
   1.13   1.79
   5.16   2.96
   4.92   2.16
   3.88   1.42
20241219.150000
   0.34   1.58
   1.38   2.05
   1.49   2.22
   5.39   3.23
   5.30   2.42
   4.27   1.72
20241219.160000
   0.68   1.86
   1.68   2.23
   1.85   2.38
   5.88   3.77
   5.74   2.73
   4.76   2.05
20241219.170000
   0.89   2.02
   2.00   2.39
   2.19   2.54
   6.45   4.42
   6.44   3.21
   5.30   2.40
20241219.180000
   1.52   2.49
   2.35   2.62
   2.09   2.38
   6.64   4.69
   6.65   3.42
   5.59   2.59
20241219.190000
   1.25   2.43
   2.43   2.94
   2.26   2.77
   7.46   5.50
   7.07   3.95
   5.47   2.61
20241219.200000
   0.82   2.07
   1.81   2.29
   1.98   2.28
   6.60   4.87
   6.55   3.50
   5.61   2.67
20241219.210000
   0.57   1.75
   1.53   2.11
   1.65   2.24
   7.76   5.87
   7.57   4.24
   6.09   2.94
20241219.220000
  -0.16   1.21
   0.86   1.20
   1.24   1.34
   6.92   4.58
   6.98   3.35
   5.62   2.40
20241219.230000
  -0.39   0.77
   0.75   0.99
   1.10   1.23
   6.79   4.21
   6.61   3.11
   5.03   1.93
20241220.000000
  -0.80   0.34
   0.55   0.46
   0.87   0.71
   6.85   3.92
   6.33   2.77
   4.31   1.28
20241220.010000
  -0.88   0.22
   0.47   0.39
   0.66   0.52
   6.40   3.42
   5.53   2.23
   3.47   0.75
20241220.020000
  -0.74   0.44
   0.72   0.40
   0.95   0.55
   6.00   3.04
   5.20   2.10
   3.31   0.61
20241220.030000
  -0.77   0.29
   0.63   0.27
   0.85   0.40
   6.07   2.92
   5.12   1.99
   3.19   0.43
20241220.040000
  -0.75   0.28
   0.64   0.09
   0.84   0.13
   5.93   2.66
   5.06   1.89
   3.17   0.40
20241220.050000
  -0.59   0.31
   0.77   0.07
   0.99   0.12
   5.57   2.41
   4.78   1.73
   2.97   0.30
20241220.060000
  -0.39   0.39
   1.02   0.04
   1.22   0.09
   5.20   2.19
   4.45   1.56
   2.74   0.19
20241220.070000
  -0.22   0.42
   1.10   0.04
   1.16  -0.02
   4.84   1.99
   4.18   1.44
   2.57   0.09
20241220.080000
  -0.22   0.42
   1.17  -0.10
   1.24  -0.18
   4.70   1.95
   3.98   1.39
   2.56   0.24
20241220.090000
  -0.11   0.33
   1.26  -0.18
   1.25  -0.22
   4.87   2.12
   4.12   1.47
   2.65   0.27
20241220.100000
  -0.28   0.40
   1.27  -0.03
   1.18  -0.20
   4.74   2.20
   3.95   1.55
   2.44   0.26
20241220.110000
  -0.60   0.25
   1.03  -0.03
   1.37   0.11
   4.96   2.21
   4.21   1.75
   2.72   0.59
20241220.120000
  -0.70   0.39
   0.78   0.29
   1.07   0.39
   4.40   1.99
   3.61   1.38
   2.29   0.29
20241220.130000
  -0.16   1.00
   0.95   1.23
   1.19   1.31
   3.93   2.06
   3.44   1.41
   2.35   0.54
20241220.140000
   0.27   1.34
   1.25   1.67
   1.45   1.77
   4.05   2.14
   3.68   1.75
   2.73   1.06
20241220.150000
   0.69   1.67
   1.53   1.94
   1.91   2.16
   4.37   2.47
   4.20   2.00
   3.15   1.33
20241220.160000
   1.44   2.29
   2.24   2.46
   2.46   2.45
   4.53   2.69
   4.56   2.17
   3.45   1.47
20241220.170000
   1.86   2.63
   2.73   2.79
   2.87   2.85
   4.66   2.80
   4.81   2.39
   3.71   1.73
20241220.180000
   2.05   3.08
   2.62   3.05
   2.47   2.68
   5.50   3.56
   5.33   2.75
   3.79   1.77
20241220.190000
   1.67   3.01
   2.36   2.77
   2.41   2.49
   5.42   3.85
   5.76   3.17
   4.83   2.52
20241220.200000
   1.01   2.08
   1.84   2.37
   2.07   2.52
   6.27   4.52
   6.51   3.72
   5.26   2.72
20241220.210000
   0.70   1.85
   1.44   2.04
   1.62   2.10
   6.32   4.57
   6.44   3.40
   5.28   2.50
20241220.220000
   0.29   1.38
   1.04   1.45
   1.06   1.44
   6.53   4.37
   6.65   3.30
   5.37   2.33
20241220.230000
  -0.75   0.50
   0.42   0.85
   0.93   1.23
   6.67   4.19
   6.53   3.15
   4.88   1.96
20241221.000000
  -0.38   0.52
   0.81   0.45
   0.93   0.57
   6.52   3.59
   6.08   2.64
   4.01   1.10
20241221.010000
  -0.16   0.53
   0.98   0.47
   0.92   0.46
   6.08   3.15
   5.57   2.40
   3.63   1.01
20241221.020000
  -0.11   0.47
   0.93   0.42
   0.73   0.41
   5.94   2.87
   5.10   2.02
   3.04   0.43
20241221.030000
  -0.39   0.36
   0.67   0.20
   0.58   0.12
   5.55   2.55
   4.86   1.85
   3.03   0.40
20241221.040000
  -0.33   0.34
   0.73   0.10
   0.67   0.02
   5.27   2.38
   4.47   1.65
   2.71   0.21
20241221.050000
  -0.28   0.35
   0.95   0.07
   0.96   0.01
   5.04   2.26
   4.32   1.62
   2.67   0.27
20241221.060000
   0.06   0.47
   1.29   0.27
   1.27   0.19
   4.77   2.11
   4.12   1.49
   2.52   0.13
20241221.070000
   0.15   0.53
   1.36   0.28
   1.38   0.22
   4.37   1.87
   3.73   1.34
   2.16   0.06
20241221.080000
   0.22   0.61
   1.39   0.32
   1.31   0.16
   3.91   1.67
   3.23   1.19
   1.76   0.02
20241221.090000
  -0.06   0.51
   1.03   0.07
   0.93  -0.05
   3.57   1.54
   3.05   1.20
   1.85   0.27
20241221.100000
  -0.58   0.11
   0.44  -0.56
   0.49  -0.52
   3.53   1.80
   3.05   1.19
   1.81   0.24
20241221.110000
  -0.80  -0.07
   0.58  -0.38
   0.90  -0.15
   4.40   2.14
   3.79   1.56
   2.30   0.43
20241221.120000
  -0.95   0.19
   0.37   0.17
   0.69   0.30
   4.25   2.09
   3.96   1.64
   2.57   0.58
20241221.130000
  -0.52   0.68
   0.55   1.09
   1.01   1.38
   4.20   2.27
   3.90   1.77
   2.71   0.90
20241221.140000
   0.25   1.27
   1.19   1.77
   1.38   1.98
   4.64   2.58
   4.33   2.12
   3.14   1.28
20241221.150000
   0.91   1.66
   1.69   2.25
   1.85   2.47
   4.81   2.78
   4.74   2.27
   3.75   1.67
20241221.160000
   1.55   2.19
   2.18   2.69
   2.10   2.69
   5.26   3.12
   5.33   2.64
   4.27   2.00
20241221.170000
   2.22   2.70
   2.75   3.08
   2.59   2.98
   5.40   3.58
   5.29   2.85
   4.18   2.10
20241221.180000
   2.28   2.96
   2.75   2.97
   2.61   2.74
   5.34   3.69
   5.31   2.85
   4.31   2.14
20241221.190000
   2.01   2.75
   2.83   2.84
   2.67   2.65
   5.64   4.09
   5.54   3.13
   4.28   2.15
20241221.200000
   2.13   2.68
   2.55   2.97
   2.36   2.72
   5.14   3.68
   5.11   2.85
   4.21   2.19
20241221.210000
   1.35   2.16
   2.01   2.29
   1.95   2.15
   5.90   4.33
   5.96   3.32
   4.67   2.34
20241221.220000
   0.86   1.78
   1.78   2.09
   1.94   2.21
   5.34   3.66
   5.34   2.76
   3.96   1.81
20241221.230000
   0.08   1.16
   1.13   1.45
   1.24   1.47
   4.99   3.15
   4.97   2.46
   3.79   1.61
20241222.000000
  -0.68   0.40
   0.33   0.46
   0.32   0.47
   5.39   3.17
   5.28   2.45
   3.55   1.09
20241222.010000
  -1.02   0.14
  -0.01   0.29
   0.11   0.40
   5.08   2.81
   4.70   2.20
   3.15   0.96
20241222.020000
  -0.77   0.26
   0.24   0.25
   0.22   0.28
   4.71   2.42
   4.20   1.79
   2.63   0.52
20241222.030000
  -0.65   0.26
   0.62   0.34
   0.73   0.43
   4.10   2.03
   3.58   1.57
   2.00   0.31
20241222.040000
  -0.52   0.30
   0.79   0.34
   0.97   0.38
   4.04   1.94
   3.38   1.46
   1.72   0.16
20241222.050000
  -0.34   0.36
   0.89   0.28
   0.91   0.16
   3.74   1.73
   3.11   1.38
   1.63   0.24
20241222.060000
  -0.15   0.29
   0.99   0.22
   0.94   0.14
   3.65   1.62
   3.08   1.39
   1.69   0.29
20241222.070000
  -0.11   0.33
   1.02   0.08
   0.93  -0.04
   3.54   1.58
   3.05   1.38
   1.64   0.28
20241222.080000
   0.14   0.52
   1.25   0.04
   1.00  -0.12
   3.25   1.44
   2.80   1.28
   1.35   0.23
20241222.090000
   0.25   0.55
   1.31   0.27
   1.16   0.09
   2.97   1.28
   2.68   1.21
   1.36   0.22
20241222.100000
   0.47   0.70
   1.52  -0.09
   1.01  -0.21
   2.57   1.09
   2.31   1.04
   1.05   0.20
20241222.110000
   0.28   0.42
   1.36   0.14
   0.93   0.01
   2.67   1.20
   2.51   1.17
   1.58   0.48
20241222.120000
  -0.20   0.34
   1.02   0.47
   0.90   0.35
   2.85   1.44
   2.65   1.25
   1.68   0.47
20241222.130000
  -0.05   0.84
   0.94   1.35
   1.14   1.48
   3.22   1.80
   2.99   1.61
   2.15   0.99
20241222.140000
   0.56   1.43
   1.33   1.90
   1.55   2.02
   3.60   2.00
   3.42   1.79
   2.59   1.22
20241222.150000
   0.95   1.83
   1.67   2.36
   1.86   2.53
   3.93   2.23
   3.91   2.05
   3.04   1.51
20241222.160000
   1.58   2.42
   2.11   2.79
   2.11   2.79
   4.30   2.55
   4.22   2.31
   3.20   1.63
20241222.170000
   2.02   2.66
   2.39   3.02
   2.29   2.93
   4.52   2.79
   4.48   2.47
   3.38   1.68
20241222.180000
   2.35   2.96
   2.54   3.05
   2.44   2.94
   4.93   3.06
   4.94   2.74
   3.79   1.94
20241222.190000
   2.11   2.75
   2.54   2.83
   2.21   2.40
   4.84   3.09
   4.92   2.78
   3.96   1.96
20241222.200000
   1.27   2.45
   1.86   2.49
   1.89   2.28
   4.98   3.45
   5.24   2.97
   4.35   2.22
20241222.210000
   1.06   2.01
   1.60   2.17
   1.51   1.98
   5.60   4.11
   5.47   3.27
   4.28   2.22
20241222.220000
   0.91   1.77
   1.46   1.87
   1.28   1.60
   5.29   3.53
   5.26   2.74
   4.31   1.98
20241222.230000
   0.25   1.05
   1.00   1.20
   1.05   1.22
   5.08   3.13
   5.30   2.56
   4.35   1.93
20241223.000000
  -0.27   0.63
   0.62   0.65
   0.63   0.60
   5.13   2.98
   4.93   2.18
   3.34   0.97
20241223.010000
  -0.54   0.29
   0.53   0.43
   0.73   0.50
   4.64   2.57
   4.44   2.05
   3.13   1.02
20241223.020000
  -0.84   0.04
   0.30  -0.02
   0.50   0.19
   4.80   2.70
   4.43   2.06
   2.93   0.90
20241223.030000
  -0.43   0.16
   0.60   0.08
   0.55   0.12
   4.34   2.33
   3.70   1.54
   2.15   0.25
20241223.040000
  -0.27   0.23
   0.79   0.16
   0.61   0.08
   3.72   1.87
   3.13   1.23
   1.79   0.04
20241223.050000
  -0.25   0.35
   0.81   0.34
   0.66   0.22
   3.27   1.54
   2.80   1.15
   1.65   0.06
20241223.060000
  -0.21   0.23
   0.83   0.10
   0.72  -0.01
   3.15   1.44
   2.76   1.16
   1.66   0.21
20241223.070000
  -0.17   0.21
   0.80  -0.02
   0.69  -0.06
   3.35   1.55
   2.94   1.28
   1.81   0.36
20241223.080000
  -0.16   0.12
   0.78  -0.16
   0.68  -0.16
   3.47   1.57
   3.03   1.27
   1.81   0.34
20241223.090000
  -0.17   0.07
   0.84  -0.06
   0.74  -0.05
   3.43   1.54
   2.99   1.26
   1.77   0.31
20241223.100000
  -0.21   0.37
   0.92   0.42
   0.88   0.51
   3.33   1.55
   2.79   1.22
   1.51   0.18
20241223.110000
   0.09   0.12
   0.92  -0.02
   0.62  -0.11
   3.35   1.47
   2.70   1.10
   1.59   0.21
20241223.120000
  -0.61  -0.13
   0.27   0.22
   0.13   0.28
   3.86   2.00
   3.31   1.61
   1.98   0.56
20241223.130000
  -0.60   0.32
   0.20   0.86
   0.27   1.01
   4.07   2.33
   3.63   1.77
   2.51   0.95
20241223.140000
   0.37   0.98
   1.10   1.65
   0.97   1.72
   4.11   2.41
   3.83   1.92
   2.97   1.32
20241223.150000
   1.02   1.42
   1.63   2.24
   1.37   2.26
   4.61   2.73
   4.41   2.37
   3.52   1.79
20241223.160000
   1.75   1.87
   2.13   2.38
   1.70   2.23
   5.09   3.35
   4.80   2.62
   3.82   1.87
20241223.170000
   2.05   2.16
   2.39   2.32
   1.96   2.17
   5.60   3.71
   5.28   2.80
   4.29   2.09
20241223.180000
   2.32   2.20
   2.72   2.45
   2.39   2.26
   5.96   4.33
   5.93   3.21
   4.98   2.42
20241223.190000
   1.75   2.33
   2.34   2.78
   1.94   2.51
   6.82   5.17
   6.45   3.61
   5.27   2.56
20241223.200000
   1.88   2.37
   2.30   2.30
   1.91   2.00
   7.04   5.39
   6.89   3.79
   5.79   2.89
20241223.210000
   1.23   1.88
   1.59   2.27
   1.49   2.28
   6.64   5.11
   6.21   3.50
   5.07   2.45
20241223.220000
   0.36   1.52
   0.87   1.86
   1.05   1.98
   4.89   3.60
   4.83   2.48
   3.95   1.63
20241223.230000
  -0.44   0.63
   0.19   0.87
   0.30   0.97
   4.48   2.99
   4.53   2.21
   3.86   1.63
20241224.000000
  -0.83   0.22
  -0.09   0.26
  -0.12   0.27
   4.10   2.51
   4.10   1.76
   3.16   0.93
20241224.010000
  -0.89   0.14
  -0.16   0.08
  -0.26   0.11
   3.96   2.27
   4.00   1.63
   2.97   0.76
20241224.020000
  -0.52   0.10
   0.39  -0.01
   0.26  -0.08
   3.91   2.15
   3.91   1.62
   2.77   0.53
20241224.030000
  -0.38   0.22
   0.40   0.11
   0.18  -0.02
   4.18   2.12
   3.99   1.55
   2.65   0.39
20241224.040000
  -0.69  -0.14
   0.29  -0.23
   0.22  -0.27
   4.78   2.40
   4.44   1.83
   2.92   0.56
20241224.050000
  -0.90  -0.46
   0.12  -0.87
   0.23  -0.67
   5.36   2.47
   5.08   1.80
   3.33   0.56
20241224.060000
  -0.42  -0.34
   0.57  -0.77
   0.64  -0.60
   5.30   2.34
   4.81   1.54
   3.03   0.19
20241224.070000
  -0.17  -0.11
   0.78  -0.34
   0.67  -0.39
   5.23   2.31
   4.72   1.57
   2.90   0.18
20241224.080000
   0.02   0.07
   1.03  -0.23
   1.05  -0.19
   5.20   2.30
   4.48   1.58
   2.64   0.26
20241224.090000
   0.25   0.29
   1.15  -0.06
   0.92  -0.20
   5.07   2.21
   4.28   1.50
   2.59   0.25
20241224.100000
   0.03   0.26
   0.96   0.34
   0.58   0.05
   5.21   2.32
   4.45   1.75
   2.70   0.51
20241224.110000
   0.54   0.30
   1.36   0.39
   0.92   0.08
   5.07   2.20
   4.08   1.50
   2.18   0.15
20241224.120000
   0.72   0.77
   1.74   0.98
   1.21   0.51
   4.28   1.94
   3.13   1.10
   1.55  -0.11
20241224.130000
   0.75   1.11
   1.73   1.59
   1.59   1.45
   3.79   1.97
   3.01   1.11
   1.88   0.35
20241224.140000
   1.07   1.48
   1.91   2.04
   1.91   2.13
   3.71   2.25
   3.21   1.34
   2.37   0.84
20241224.150000
   1.37   1.76
   2.02   2.45
   1.98   2.51
   3.99   2.59
   3.72   1.82
   3.13   1.45
20241224.160000
   1.76   2.09
   2.30   2.53
   2.16   2.53
   4.59   3.25
   4.46   2.30
   3.77   1.73
20241224.170000
   2.04   2.34
   2.34   2.59
   1.98   2.50
   5.04   3.71
   4.94   2.61
   4.36   2.12
20241224.180000
   1.93   2.32
   2.31   2.67
   1.91   2.44
   5.65   4.18
   5.52   2.97
   4.96   2.46
20241224.190000
   1.69   2.66
   2.42   3.04
   2.04   2.39
   5.54   4.35
   5.58   3.08
   5.04   2.43
20241224.200000
   1.35   2.09
   2.10   2.12
   1.93   1.74
   6.39   4.98
   6.49   3.68
   5.91   2.89
20241224.210000
   0.67   1.61
   1.65   1.65
   1.90   1.60
   6.83   5.30
   6.83   3.71
   5.77   2.52
20241224.220000
   0.29   1.23
   1.48   0.88
   1.97   1.12
   6.47   4.51
   6.68   3.13
   5.52   2.18
20241224.230000
  -0.18   0.87
   1.02   0.64
   1.37   0.78
   6.22   4.05
   6.20   2.65
   4.96   1.70
20241225.000000
  -1.10   0.00
   0.44  -0.06
   0.97   0.30
   6.76   4.00
   6.65   2.89
   4.84   1.62
20241225.010000
  -1.28  -0.33
   0.32   0.01
   1.01   0.66
   7.28   4.15
   6.72   2.90
   4.48   1.16
20241225.020000
  -1.39  -0.22
   0.14  -0.04
   0.72   0.43
   7.21   3.85
   6.35   2.58
   3.89   0.69
20241225.030000
  -1.12  -0.00
   0.35  -0.02
   0.64   0.19
   6.78   3.32
   5.66   2.12
   3.32   0.34
20241225.040000
  -0.62   0.28
   0.85  -0.12
   1.05  -0.06
   6.23   2.76
   5.13   1.91
   2.84   0.26
20241225.050000
  -0.14   0.39
   1.12  -0.01
   1.06  -0.08
   5.64   2.34
   4.50   1.57
   2.46   0.17
20241225.060000
  -0.10   0.46
   1.18  -0.04
   1.08  -0.12
   4.98   1.97
   3.99   1.41
   2.22   0.22
20241225.070000
   0.29   0.55
   1.47  -0.01
   1.24  -0.13
   4.37   1.62
   3.49   1.19
   1.91   0.15
20241225.080000
   0.71   0.81
   1.76   0.33
   1.34  -0.08
   3.62   1.21
   2.77   0.82
   1.39  -0.14
20241225.090000
   0.75   0.79
   1.65   0.20
   1.12  -0.17
   3.14   0.98
   2.30   0.67
   1.16  -0.08
20241225.100000
   0.24   0.55
   1.21  -0.28
   0.75  -0.31
   3.11   1.29
   2.48   0.95
   1.33   0.19
20241225.110000
   0.23   0.21
   1.33  -0.43
   0.97  -0.34
   3.78   1.75
   3.34   1.28
   2.26   0.50
20241225.120000
  -0.28   0.19
   0.99   0.17
   0.85   0.11
   4.24   2.20
   3.83   1.49
   2.50   0.51
20241225.130000
  -0.14   0.55
   1.01   1.08
   1.05   1.21
   4.20   2.22
   3.72   1.53
   2.58   0.70
20241225.140000
   0.30   0.84
   1.18   1.41
   1.07   1.58
   4.17   2.28
   3.80   1.67
   2.92   1.05
20241225.150000
   0.81   1.27
   1.55   1.79
   1.30   1.86
   4.55   2.55
   4.41   1.96
   3.52   1.40
20241225.160000
   1.33   1.67
   2.10   2.30
   1.75   2.30
   5.19   2.99
   5.08   2.46
   3.97   1.75
20241225.170000
   1.82   2.02
   2.46   2.45
   1.92   2.27
   5.95   3.79
   5.80   2.84
   4.52   1.96
20241225.180000
   2.14   2.23
   2.65   2.44
   1.96   2.12
   6.06   4.02
   6.10   2.93
   4.96   2.09
20241225.190000
   2.00   2.34
   2.68   2.38
   2.05   2.01
   6.34   4.44
   6.39   3.12
   5.33   2.27
20241225.200000
   1.44   1.81
   2.53   2.18
   2.15   2.10
   6.84   4.87
   6.68   3.50
   5.26   2.36
20241225.210000
   0.84   1.38
   1.82   1.66
   1.65   1.66
   6.82   4.95
   6.65   3.32
   5.23   2.10
20241225.220000
   0.69   1.44
   1.67   1.60
   1.45   1.43
   6.00   4.23
   5.88   2.82
   4.61   1.69
20241225.230000
   0.46   1.11
   1.57   1.17
   1.44   1.07
   6.00   3.90
   5.91   2.73
   4.58   1.58
20241226.000000
  -0.18   0.50
   0.87   0.45
   0.89   0.56
   6.50   3.69
   6.21   2.72
   4.47   1.37
20241226.010000
  -0.41   0.12
   0.68   0.17
   0.74   0.42
   6.44   3.52
   5.92   2.44
   4.08   1.00
20241226.020000
  -0.52   0.18
   0.83   0.34
   0.89   0.51
   6.36   3.33
   5.53   2.15
   3.56   0.58
20241226.030000
  -0.27   0.32
   1.13   0.34
   1.29   0.59
   5.99   2.96
   5.30   2.02
   3.48   0.60
20241226.040000
   0.03   0.55
   1.35   0.58
   1.45   0.71
   5.85   2.84
   4.95   1.84
   3.02   0.44
20241226.050000
   0.05   0.57
   1.33   0.47
   1.30   0.52
   5.34   2.41
   4.44   1.51
   2.56   0.05
20241226.060000
   0.01   0.52
   1.22   0.50
   1.22   0.62
   4.89   2.11
   3.96   1.29
   2.22  -0.01
20241226.070000
  -0.09   0.48
   1.14   0.32
   1.20   0.33
   4.33   1.83
   3.55   1.18
   1.99  -0.01
20241226.080000
  -0.10   0.50
   1.08   0.44
   1.24   0.59
   3.71   1.54
   2.97   1.06
   1.45  -0.12
20241226.090000
  -0.09   0.44
   1.04   0.25
   1.06   0.20
   2.85   1.07
   2.28   0.75
   1.02  -0.20
20241226.100000
   0.30   0.70
   1.49   0.59
   1.39   0.46
   2.76   1.22
   2.44   1.22
   1.39   0.27
20241226.110000
  -0.30   0.00
   0.63   0.07
   0.45   0.06
   2.44   1.05
   2.10   0.78
   1.43   0.32
20241226.120000
  -0.30   0.33
   0.57   0.47
   0.30   0.22
   2.21   1.09
   1.89   0.71
   1.10   0.13
20241226.130000
  -0.10   0.64
   0.78   0.96
   0.68   0.88
   2.35   1.35
   2.05   0.97
   1.40   0.50
20241226.140000
   0.35   1.05
   1.15   1.55
   1.01   1.46
   2.82   1.74
   2.69   1.39
   2.17   1.01
20241226.150000
   0.85   1.34
   1.60   2.17
   1.57   2.29
   3.48   2.09
   3.48   1.97
   2.89   1.61
20241226.160000
   1.71   1.99
   2.17   2.66
   2.01   2.64
   3.76   2.14
   3.93   2.09
   3.19   1.67
20241226.170000
   2.38   2.67
   2.50   2.82
   1.97   2.38
   3.97   2.53
   4.03   2.08
   3.26   1.61
20241226.180000
   2.44   2.70
   2.49   2.74
   1.90   2.35
   4.07   2.71
   4.38   2.12
   3.79   1.86
20241226.190000
   2.32   2.71
   2.59   2.81
   2.14   2.43
   4.67   3.56
   4.73   2.55
   3.78   1.80
20241226.200000
   1.85   2.44
   2.11   2.34
   1.89   2.11
   4.78   3.68
   4.90   2.70
   4.13   2.04
20241226.210000
   1.29   2.00
   1.77   2.12
   1.57   1.91
   4.85   3.96
   4.81   2.73
   3.97   1.92
20241226.220000
   0.79   1.58
   1.52   1.77
   1.57   1.80
   4.77   3.50
   4.96   2.61
   4.04   1.87
20241226.230000
  -0.43   0.71
   0.21   0.92
   0.28   0.94
   4.87   3.26
   4.96   2.35
   4.20   1.81
20241227.000000
  -0.99   0.47
   0.04   0.68
   0.26   0.75
   4.73   3.10
   4.68   2.18
   3.59   1.30
20241227.010000
  -1.53  -0.01
  -0.50   0.33
   0.02   0.60
   4.96   3.08
   4.61   2.22
   3.32   1.17
20241227.020000
  -1.28   0.08
  -0.24   0.32
   0.19   0.53
   4.71   2.78
   4.30   1.99
   2.93   0.90
20241227.030000
  -1.08   0.20
  -0.22   0.19
  -0.05   0.29
   4.22   2.19
   3.79   1.58
   2.52   0.62
20241227.040000
  -0.98   0.19
  -0.02   0.25
   0.17   0.38
   3.95   2.07
   3.41   1.49
   2.10   0.40
20241227.050000
  -1.30  -0.05
  -0.30  -0.01
  -0.11  -0.07
   3.74   1.94
   3.24   1.39
   2.13   0.43
20241227.060000
  -1.34  -0.19
  -0.32  -0.08
  -0.14  -0.08
   3.61   1.81
   3.19   1.39
   2.21   0.55
20241227.070000
  -1.23  -0.30
  -0.21  -0.28
  -0.02  -0.17
   3.69   1.81
   3.38   1.44
   2.36   0.61
20241227.080000
  -0.60  -0.13
   0.23  -0.54
   0.25  -0.38
   3.70   1.73
   3.42   1.27
   2.26   0.43
20241227.090000
  -0.29  -0.09
   0.39  -0.45
   0.29  -0.34
   3.63   1.65
   3.29   1.20
   2.14   0.32
20241227.100000
  -0.06   0.25
   0.67   0.48
   0.62   0.60
   4.06   2.07
   3.73   1.74
   2.57   0.83
20241227.110000
  -0.84  -0.44
  -0.07  -0.04
   0.01   0.28
   3.93   1.88
   3.25   1.41
   2.08   0.49
20241227.120000
  -0.35  -0.01
   0.19   0.35
  -0.32   0.19
   3.65   1.59
   3.03   1.17
   1.75   0.22
20241227.130000
   0.05   0.51
   0.55   0.99
   0.12   0.83
   3.54   1.76
   3.04   1.38
   1.97   0.58
20241227.140000
   0.46   0.79
   0.85   1.56
   0.50   1.53
   3.81   2.10
   3.46   1.80
   2.54   1.20
20241227.150000
   0.89   0.86
   1.14   1.55
   0.68   1.60
   4.21   2.42
   4.01   2.10
   3.00   1.42
20241227.160000
   1.45   1.26
   1.50   2.02
   0.91   1.93
   4.46   2.69
   4.40   2.29
   3.52   1.72
20241227.170000
   1.94   1.54
   1.85   2.22
   1.04   1.87
   4.93   3.34
   4.92   2.44
   4.14   1.93
20241227.180000
   2.36   1.88
   2.36   2.37
   1.37   1.99
   5.62   4.03
   5.66   2.80
   4.72   2.16
20241227.190000
   2.50   2.16
   2.57   2.67
   1.65   2.23
   6.23   4.53
   6.26   3.25
   5.27   2.45
20241227.200000
   2.15   2.15
   2.34   2.37
   1.50   1.98
   6.49   4.90
   6.47   3.36
   5.32   2.35
20241227.210000
   1.28   1.42
   1.59   1.58
   1.09   1.46
   6.57   4.77
   6.48   3.31
   5.44   2.35
20241227.220000
  -0.04   0.75
   0.43   0.80
   0.40   1.00
   6.10   3.92
   6.18   2.92
   5.05   1.99
20241227.230000
  -0.09   0.51
   0.35   0.66
   0.22   0.76
   5.69   3.46
   5.56   2.45
   4.20   1.34
20241228.000000
  -0.54   0.06
   0.17  -0.01
   0.20   0.18
   5.90   3.20
   5.82   2.42
   4.12   1.22
20241228.010000
  -0.65   0.02
   0.33   0.00
   0.44   0.24
   6.12   3.27
   5.69   2.24
   3.80   0.89
20241228.020000
  -0.72  -0.16
   0.23  -0.18
   0.32   0.14
   6.12   3.09
   5.53   2.22
   3.58   0.68
20241228.030000
  -0.47  -0.08
   0.45  -0.04
   0.45   0.18
   5.84   2.79
   5.23   2.01
   3.28   0.50
20241228.040000
  -0.13   0.11
   0.78   0.15
   0.77   0.38
   5.64   2.64
   5.04   1.94
   3.26   0.57
20241228.050000
   0.01   0.26
   0.72   0.16
   0.53   0.26
   5.59   2.50
   4.96   1.90
   3.15   0.51
20241228.060000
  -0.31   0.13
   0.41  -0.09
   0.24  -0.01
   5.69   2.60
   4.93   1.96
   3.09   0.42
20241228.070000
  -0.68  -0.09
   0.14  -0.07
   0.11   0.04
   5.73   2.60
   5.05   2.01
   3.19   0.52
20241228.080000
  -0.73  -0.19
   0.06  -0.18
   0.02  -0.04
   5.80   2.57
   5.20   2.02
   3.36   0.56
20241228.090000
  -0.67  -0.20
   0.08  -0.32
  -0.11  -0.33
   6.00   2.68
   5.37   2.07
   3.41   0.50
20241228.100000
  -1.31  -0.72
  -0.46  -0.81
  -0.53  -0.70
   6.82   3.02
   6.32   2.42
   4.11   0.85
20241228.110000
  -1.16  -0.56
  -0.23  -0.69
  -0.13  -0.43
   6.69   2.89
   5.88   2.06
   3.61   0.52
20241228.120000
  -0.65  -0.45
   0.31  -0.35
   0.17  -0.15
   6.62   2.86
   5.56   1.96
   3.25   0.28
20241228.130000
  -0.51  -0.12
   0.51   0.34
   0.53   0.64
   6.49   3.05
   5.24   2.06
   2.97   0.37
20241228.140000
   0.29   0.60
   1.20   1.26
   1.02   1.42
   6.39   3.28
   5.30   2.02
   3.55   0.84
20241228.150000
   1.13   1.31
   1.76   1.64
   1.34   1.59
   6.48   3.55
   5.82   2.30
   4.40   1.38
20241228.160000
   1.33   1.32
   2.03   1.62
   1.87   1.92
   6.98   4.01
   6.76   3.00
   5.49   2.25
20241228.170000
   1.97   1.76
   2.49   2.08
   1.95   2.09
   7.49   4.63
   7.18   2.81
   5.74   1.96
20241228.180000
   1.96   1.96
   2.66   2.65
   2.28   2.63
   7.68   5.33
   7.32   3.48
   5.65   2.21
20241228.190000
   1.66   1.82
   2.37   2.45
   2.02   2.40
   7.51   5.23
   7.18   3.47
   5.83   2.39
20241228.200000
   1.16   1.42
   1.96   1.81
   1.75   1.85
   7.87   5.54
   7.56   3.79
   6.12   2.58
20241228.210000
   1.02   1.34
   1.93   1.78
   1.80   1.89
   7.60   5.00
   7.30   3.63
   5.87   2.45
20241228.220000
   0.90   1.10
   1.74   1.45
   1.58   1.53
   7.07   4.26
   6.73   2.97
   5.16   1.85
20241228.230000
   0.48   0.86
   1.13   0.73
   0.83   0.64
   6.54   3.59
   6.14   2.51
   4.51   1.33
20241229.000000
   0.18   0.54
   0.93   0.63
   0.64   0.59
   6.20   3.08
   5.56   2.30
   3.66   0.85
20241229.010000
   0.05   0.30
   0.73   0.23
   0.41   0.20
   5.92   2.68
   5.12   1.85
   3.34   0.52
20241229.020000
  -0.08   0.06
   0.67  -0.06
   0.40  -0.11
   6.06   2.70
   5.34   1.99
   3.49   0.56
20241229.030000
  -0.09   0.16
   0.73  -0.14
   0.52  -0.17
   6.18   2.72
   5.43   1.87
   3.49   0.43
20241229.040000
   0.04   0.16
   0.87  -0.19
   0.60  -0.29
   6.23   2.64
   5.39   1.74
   3.51   0.33
20241229.050000
  -0.29  -0.11
   0.73  -0.32
   0.62  -0.33
   6.23   2.65
   5.50   1.86
   3.55   0.39
20241229.060000
  -0.39  -0.14
   0.65  -0.44
   0.57  -0.42
   6.13   2.60
   5.37   1.73
   3.45   0.33
20241229.070000
  -0.53  -0.22
   0.61  -0.48
   0.56  -0.44
   6.01   2.60
   5.08   1.68
   3.22   0.30
20241229.080000
  -0.44  -0.20
   0.78  -0.39
   0.76  -0.33
   6.04   2.59
   5.06   1.67
   3.13   0.23
20241229.090000
  -0.29  -0.14
   0.78  -0.34
   0.53  -0.41
   5.73   2.32
   4.74   1.40
   3.06   0.16
20241229.100000
  -0.46  -0.45
   0.59  -0.69
   0.21  -0.79
   5.08   2.02
   3.99   1.04
   2.30  -0.25
20241229.110000
   0.70   0.18
   1.95   0.20
   1.61   0.01
   5.28   2.20
   3.92   0.94
   2.15  -0.39
20241229.120000
   1.48   1.09
   2.18   0.96
   1.58   0.62
   4.74   1.51
   3.88   0.99
   2.39  -0.01
20241229.130000
   0.56   1.00
   1.27   1.08
   1.13   1.02
   4.98   1.99
   3.89   1.24
   2.41   0.32
20241229.140000
   0.51   0.97
   1.56   1.50
   1.60   1.64
   4.90   2.32
   4.01   1.46
   2.82   0.72
20241229.150000
   1.36   1.72
   2.16   2.18
   1.95   2.21
   4.85   2.56
   4.36   1.77
   3.11   1.02
20241229.160000
   1.72   2.04
   2.14   2.49
   1.80   2.35
   4.80   2.62
   4.49   2.12
   3.52   1.52
20241229.170000
   1.86   2.16
   2.13   2.55
   1.79   2.42
   4.75   2.82
   4.63   2.24
   3.62   1.70
20241229.180000
   1.83   2.32
   1.97   2.26
   1.81   2.26
   4.60   3.12
   4.73   2.29
   3.74   1.71
20241229.190000
   1.72   2.21
   1.89   2.40
   1.64   2.26
   4.28   3.02
   4.51   2.21
   3.69   1.68
20241229.200000
   0.86   1.82
   1.47   2.14
   1.45   2.11
   4.35   2.92
   4.57   2.12
   3.75   1.62
20241229.210000
   0.36   1.16
   1.15   1.44
   1.26   1.67
   4.77   3.14
   5.08   2.38
   4.00   1.62
20241229.220000
   0.34   1.24
   1.38   1.42
   1.54   1.53
   5.32   3.62
   5.18   2.36
   4.06   1.47
20241229.230000
   0.01   0.94
   1.33   1.26
   1.52   1.38
   5.56   3.50
   5.13   2.38
   3.82   1.39
20241230.000000
  -0.18   0.76
   1.04   0.81
   1.28   0.91
   5.19   2.95
   4.76   2.11
   3.30   1.00
20241230.010000
  -0.04   0.92
   0.89   0.66
   0.82   0.50
   4.69   2.47
   4.34   1.77
   3.14   0.76
20241230.020000
  -0.19   0.59
   0.86   0.37
   1.02   0.45
   4.76   2.44
   4.49   1.86
   3.12   0.83
20241230.030000
  -0.41   0.37
   0.76   0.24
   1.03   0.43
   4.78   2.41
   4.41   1.78
   2.83   0.51
20241230.040000
  -0.55   0.26
   0.77   0.26
   0.97   0.30
   4.80   2.49
   4.15   1.61
   2.56   0.37
20241230.050000
  -0.58   0.43
   0.74   0.35
   0.88   0.34
   4.77   2.33
   4.12   1.63
   2.49   0.32
20241230.060000
  -0.81   0.23
   0.61   0.15
   0.95   0.24
   4.80   2.28
   4.02   1.69
   2.39   0.40
20241230.070000
  -0.76   0.40
   0.66   0.39
   0.99   0.49
   4.59   2.08
   3.87   1.56
   2.28   0.27
20241230.080000
  -0.97   0.46
   0.20   0.17
   0.34   0.09
   4.30   1.81
   3.72   1.46
   2.27   0.37
20241230.090000
  -1.42   0.05
  -0.21  -0.25
   0.12  -0.16
   4.42   1.93
   3.91   1.61
   2.53   0.54
20241230.100000
  -1.26  -0.17
   0.05  -0.21
   0.44   0.06
   4.77   2.37
   4.24   1.88
   2.93   0.82
20241230.110000
  -1.41  -0.01
   0.02   0.07
   0.50   0.31
   4.86   2.39
   4.19   1.71
   2.75   0.53
20241230.120000
  -1.02   0.13
   0.21   0.21
   0.33   0.40
   4.63   2.12
   3.64   1.39
   1.99   0.18
20241230.130000
  -0.93   0.42
  -0.03   0.97
   0.12   1.08
   4.26   2.09
   3.44   1.53
   2.33   0.77
20241230.140000
  -0.43   0.78
   0.39   1.34
   0.42   1.47
   4.33   2.33
   3.90   1.87
   3.13   1.33
20241230.150000
   0.35   1.21
   1.07   1.91
   1.00   2.05
   4.64   2.68
   4.49   2.26
   3.80   1.81
20241230.160000
   1.05   1.78
   1.64   2.47
   1.44   2.51
   4.87   3.03
   4.70   2.44
   3.82   1.83
20241230.170000
   1.50   2.10
   1.79   2.74
   1.54   2.74
   5.03   3.15
   4.80   2.58
   3.89   2.03
20241230.180000
   1.81   1.99
   1.93   2.50
   1.57   2.40
   5.56   3.56
   5.33   2.80
   4.34   2.21
20241230.190000
   2.19   2.32
   2.47   2.68
   1.89   2.35
   5.88   3.89
   5.72   2.84
   4.71   2.24
20241230.200000
   2.02   2.08
   2.52   2.75
   2.14   2.66
   6.67   4.54
   6.31   3.27
   5.02   2.37
20241230.210000
   1.81   1.90
   2.25   2.23
   1.70   2.04
   6.31   4.34
   5.82   2.96
   4.75   2.18
20241230.220000
   0.95   1.48
   1.27   1.48
   0.64   1.00
   5.69   3.83
   5.35   2.65
   4.35   1.78
20241230.230000
   0.47   1.00
   0.97   0.83
   0.68   0.67
   5.92   3.45
   5.59   2.65
   4.36   1.77
20241231.000000
  -0.20   0.29
   0.51   0.10
   0.28   0.04
   6.29   3.39
   5.91   2.54
   4.25   1.42
